,Amplitude
0,526.0
1,328.0
2,331.0
3,335.0
4,339.0
5,337.0
6,5.0
7,354.0
8,346.0
9,336.0
10,328.0
11,327.0
12,327.0
13,338.0
14,349.0
15,347.0
16,346.0
17,346.0
18,342.0
19,344.0
20,341.0
21,338.0
22,332.0
23,336.0
24,329.0
25,323.0
26,326.0
27,328.0
28,331.0
29,335.0
30,339.0
31,337.0
32,362.0
33,354.0
34,356.0
35,356.0
36,357.0
37,364.0
38,371.0
39,376.0
40,378.0
41,367.0
42,362.0
43,364.0
44,365.0
45,357.0
46,358.0
47,356.0
48,356.0
49,359.0
50,363.0
51,374.0
52,375.0
53,368.0
54,368.0
55,373.0
56,370.0
57,363.0
58,366.0
59,359.0
60,355.0
61,350.0
62,352.0
63,353.0
64,362.0
65,368.0
66,366.0
67,367.0
68,366.0
69,369.0
70,371.0
71,370.0
72,367.0
73,362.0
74,355.0
75,356.0
76,359.0
77,356.0
78,360.0
79,364.0
80,364.0
81,368.0
82,366.0
83,362.0
84,367.0
85,362.0
86,360.0
87,351.0
88,348.0
89,361.0
90,365.0
91,369.0
92,371.0
93,371.0
94,378.0
95,380.0
96,375.0
97,367.0
98,358.0
99,353.0
100,352.0
101,357.0
102,359.0
103,357.0
104,359.0
105,363.0
106,367.0
107,369.0
108,366.0
109,367.0
110,365.0
111,359.0
112,357.0
113,359.0
114,365.0
115,369.0
116,379.0
117,381.0
118,385.0
119,379.0
120,366.0
121,365.0
122,363.0
123,357.0
124,353.0
125,351.0
126,352.0
127,350.0
128,350.0
129,355.0
130,362.0
131,363.0
132,358.0
133,368.0
134,365.0
135,358.0
136,355.0
137,354.0
138,350.0
139,348.0
140,348.0
141,353.0
142,360.0
143,363.0
144,363.0
145,366.0
146,377.0
147,377.0
148,374.0
149,369.0
150,366.0
151,363.0
152,357.0
153,355.0
154,355.0
155,352.0
156,356.0
157,366.0
158,363.0
159,369.0
160,370.0
161,368.0
162,369.0
163,368.0
164,373.0
165,366.0
166,355.0
167,348.0
168,350.0
169,363.0
170,357.0
171,364.0
172,367.0
173,369.0
174,362.0
175,358.0
176,357.0
177,356.0
178,357.0
179,361.0
180,365.0
181,372.0
182,369.0
183,372.0
184,383.0
185,388.0
186,378.0
187,373.0
188,362.0
189,351.0
190,354.0
191,359.0
192,354.0
193,356.0
194,359.0
195,366.0
196,365.0
197,367.0
198,372.0
199,373.0
200,376.0
201,371.0
202,369.0
203,366.0
204,365.0
205,357.0
206,359.0
207,360.0
208,357.0
209,357.0
210,349.0
211,349.0
212,342.0
213,332.0
214,323.0
215,316.0
216,305.0
217,304.0
218,301.0
219,303.0
220,306.0
221,307.0
222,299.0
223,294.0
224,307.0
225,310.0
226,325.0
227,344.0
228,354.0
229,364.0
230,373.0
231,388.0
232,399.0
233,405.0
234,420.0
235,425.0
236,418.0
237,420.0
238,418.0
239,422.0
240,426.0
241,411.0
242,405.0
243,404.0
244,406.0
245,410.0
246,399.0
247,393.0
248,393.0
249,394.0
250,393.0
251,390.0
252,382.0
253,372.0
254,367.0
255,357.0
256,354.0
257,353.0
258,352.0
259,347.0
260,356.0
261,366.0
262,367.0
263,366.0
264,366.0
265,369.0
266,371.0
267,369.0
268,364.0
269,358.0
270,356.0
271,364.0
272,365.0
273,369.0
274,361.0
275,363.0
276,364.0
277,371.0
278,367.0
279,356.0
280,347.0
281,348.0
282,346.0
283,339.0
284,348.0
285,359.0
286,358.0
287,363.0
288,367.0
289,365.0
290,369.0
291,367.0
292,366.0
293,362.0
294,354.0
295,352.0
296,354.0
297,353.0
298,355.0
299,358.0
300,358.0
301,358.0
302,353.0
303,358.0
304,361.0
305,363.0
306,363.0
307,348.0
308,348.0
309,349.0
310,345.0
311,355.0
312,358.0
313,361.0
314,358.0
315,362.0
316,367.0
317,363.0
318,362.0
319,356.0
320,341.0
321,336.0
322,341.0
323,344.0
324,338.0
325,349.0
326,356.0
327,354.0
328,352.0
329,355.0
330,351.0
331,349.0
332,346.0
333,344.0
334,351.0
335,346.0
336,352.0
337,355.0
338,355.0
339,346.0
340,341.0
341,349.0
342,351.0
343,345.0
344,348.0
345,345.0
346,336.0
347,336.0
348,332.0
349,335.0
350,339.0
351,343.0
352,351.0
353,356.0
354,359.0
355,353.0
356,354.0
357,353.0
358,341.0
359,331.0
360,327.0
361,331.0
362,333.0
363,330.0
364,330.0
365,339.0
366,350.0
367,352.0
368,350.0
369,346.0
370,346.0
371,337.0
372,325.0
373,318.0
374,311.0
375,308.0
376,308.0
377,315.0
378,315.0
379,316.0
380,319.0
381,323.0
382,327.0
383,334.0
384,334.0
385,329.0
386,325.0
387,325.0
388,330.0
389,332.0
390,340.0
391,344.0
392,347.0
393,346.0
394,341.0
395,342.0
396,340.0
397,329.0
398,319.0
399,322.0
400,326.0
401,326.0
402,328.0
403,329.0
404,333.0
405,340.0
406,342.0
407,348.0
408,347.0
409,341.0
410,341.0
411,338.0
412,340.0
413,334.0
414,334.0
415,338.0
416,341.0
417,339.0
418,340.0
419,345.0
420,350.0
421,342.0
422,344.0
423,349.0
424,350.0
425,348.0
426,346.0
427,347.0
428,353.0
429,359.0
430,364.0
431,366.0
432,366.0
433,363.0
434,359.0
435,363.0
436,356.0
437,351.0
438,350.0
439,355.0
440,355.0
441,364.0
442,369.0
443,375.0
444,373.0
445,373.0
446,381.0
447,383.0
448,380.0
449,375.0
450,372.0
451,370.0
452,368.0
453,362.0
454,358.0
455,351.0
456,345.0
457,345.0
458,353.0
459,358.0
460,363.0
461,364.0
462,357.0
463,354.0
464,347.0
465,351.0
466,356.0
467,356.0
468,363.0
469,377.0
470,377.0
471,372.0
472,370.0
473,373.0
474,379.0
475,378.0
476,375.0
477,362.0
478,356.0
479,355.0
480,355.0
481,362.0
482,377.0
483,378.0
484,376.0
485,370.0
486,374.0
487,373.0
488,370.0
489,364.0
490,357.0
491,359.0
492,356.0
493,358.0
494,355.0
495,354.0
496,359.0
497,360.0
498,366.0
499,368.0
500,371.0
501,375.0
502,369.0
503,364.0
504,361.0
505,357.0
506,360.0
507,360.0
508,362.0
509,359.0
510,349.0
511,356.0
512,359.0
513,359.0
514,357.0
515,364.0
516,361.0
517,359.0
518,358.0
519,361.0
520,362.0
521,377.0
522,382.0
523,377.0
524,376.0
525,381.0
526,384.0
527,372.0
528,363.0
529,357.0
530,358.0
531,353.0
532,353.0
533,360.0
534,372.0
535,367.0
536,372.0
537,374.0
538,381.0
539,380.0
540,376.0
541,373.0
542,364.0
543,359.0
544,364.0
545,362.0
546,362.0
547,365.0
548,365.0
549,371.0
550,372.0
551,374.0
552,369.0
553,365.0
554,359.0
555,357.0
556,353.0
557,345.0
558,341.0
559,342.0
560,352.0
561,361.0
562,365.0
563,363.0
564,369.0
565,365.0
566,363.0
567,362.0
568,361.0
569,359.0
570,361.0
571,365.0
572,371.0
573,379.0
574,375.0
575,371.0
576,372.0
577,378.0
578,373.0
579,367.0
580,360.0
581,359.0
582,357.0
583,361.0
584,368.0
585,372.0
586,377.0
587,383.0
588,378.0
589,375.0
590,377.0
591,369.0
592,369.0
593,372.0
594,371.0
595,368.0
596,363.0
597,364.0
598,363.0
599,363.0
600,360.0
601,354.0
602,359.0
603,369.0
604,374.0
605,373.0
606,372.0
607,360.0
608,361.0
609,362.0
610,363.0
611,359.0
612,356.0
613,362.0
614,363.0
615,367.0
616,374.0
617,371.0
618,367.0
619,364.0
620,360.0
621,358.0
622,350.0
623,351.0
624,353.0
625,354.0
626,350.0
627,352.0
628,359.0
629,368.0
630,364.0
631,355.0
632,361.0
633,359.0
634,362.0
635,368.0
636,373.0
637,372.0
638,367.0
639,369.0
640,360.0
641,362.0
642,375.0
643,377.0
644,375.0
645,364.0
646,349.0
647,352.0
648,355.0
649,364.0
650,368.0
651,369.0
652,371.0
653,370.0
654,372.0
655,377.0
656,381.0
657,384.0
658,376.0
659,373.0
660,367.0
661,361.0
662,360.0
663,365.0
664,368.0
665,370.0
666,369.0
667,366.0
668,369.0
669,365.0
670,362.0
671,370.0
672,375.0
673,369.0
674,375.0
675,379.0
676,377.0
677,371.0
678,369.0
679,367.0
680,363.0
681,360.0
682,365.0
683,369.0
684,366.0
685,363.0
686,353.0
687,349.0
688,356.0
689,359.0
690,368.0
691,379.0
692,377.0
693,388.0
694,393.0
695,387.0
696,377.0
697,366.0
698,354.0
699,349.0
700,342.0
701,335.0
702,331.0
703,328.0
704,332.0
705,331.0
706,325.0
707,322.0
708,318.0
709,313.0
710,305.0
711,296.0
712,291.0
713,287.0
714,290.0
715,303.0
716,324.0
717,349.0
718,367.0
719,388.0
720,404.0
721,413.0
722,414.0
723,422.0
724,421.0
725,418.0
726,420.0
727,426.0
728,432.0
729,439.0
730,427.0
731,418.0
732,418.0
733,422.0
734,420.0
735,418.0
736,405.0
737,393.0
738,383.0
739,378.0
740,378.0
741,378.0
742,379.0
743,380.0
744,378.0
745,374.0
746,375.0
747,380.0
748,372.0
749,374.0
750,356.0
751,353.0
752,351.0
753,353.0
754,364.0
755,368.0
756,372.0
757,375.0
758,377.0
759,382.0
760,382.0
761,370.0
762,363.0
763,363.0
764,360.0
765,366.0
766,369.0
767,362.0
768,364.0
769,367.0
770,363.0
771,360.0
772,367.0
773,371.0
774,367.0
775,356.0
776,353.0
777,342.0
778,346.0
779,349.0
780,354.0
781,362.0
782,366.0
783,368.0
784,367.0
785,370.0
786,371.0
787,367.0
788,369.0
789,370.0
790,369.0
791,372.0
792,372.0
793,370.0
794,366.0
795,359.0
796,354.0
797,351.0
798,360.0
799,364.0
800,363.0
801,359.0
802,355.0
803,348.0
804,349.0
805,352.0
806,352.0
807,354.0
808,359.0
809,363.0
810,366.0
811,372.0
812,375.0
813,373.0
814,369.0
815,364.0
816,356.0
817,350.0
818,348.0
819,350.0
820,356.0
821,362.0
822,354.0
823,355.0
824,357.0
825,361.0
826,352.0
827,350.0
828,352.0
829,344.0
830,346.0
831,349.0
832,350.0
833,351.0
834,351.0
835,345.0
836,346.0
837,349.0
838,349.0
839,343.0
840,344.0
841,342.0
842,345.0
843,346.0
844,345.0
845,347.0
846,343.0
847,353.0
848,350.0
849,350.0
850,343.0
851,342.0
852,343.0
853,339.0
854,334.0
855,333.0
856,336.0
857,339.0
858,335.0
859,335.0
860,336.0
861,337.0
862,337.0
863,340.0
864,344.0
865,347.0
866,345.0
867,336.0
868,329.0
869,324.0
870,323.0
871,323.0
872,325.0
873,326.0
874,328.0
875,327.0
876,332.0
877,343.0
878,352.0
879,349.0
880,346.0
881,344.0
882,338.0
883,331.0
884,330.0
885,329.0
886,333.0
887,333.0
888,328.0
889,328.0
890,329.0
891,329.0
892,333.0
893,330.0
894,330.0
895,331.0
896,337.0
897,341.0
898,345.0
899,351.0
900,358.0
901,356.0
902,352.0
903,352.0
904,362.0
905,367.0
906,358.0
907,357.0
908,350.0
909,349.0
910,349.0
911,355.0
912,357.0
913,362.0
914,363.0
915,367.0
916,368.0
917,366.0
918,367.0
919,362.0
920,351.0
921,354.0
922,357.0
923,362.0
924,366.0
925,367.0
926,366.0
927,372.0
928,375.0
929,385.0
930,384.0
931,374.0
932,361.0
933,362.0
934,358.0
935,358.0
936,364.0
937,358.0
938,355.0
939,362.0
940,364.0
941,370.0
942,372.0
943,376.0
944,376.0
945,374.0
946,365.0
947,363.0
948,367.0
949,373.0
950,377.0
951,371.0
952,369.0
953,374.0
954,373.0
955,377.0
956,376.0
957,382.0
958,379.0
959,372.0
960,366.0
961,360.0
962,368.0
963,371.0
964,368.0
965,370.0
966,367.0
967,364.0
968,364.0
969,367.0
970,377.0
971,375.0
972,370.0
973,373.0
974,373.0
975,372.0
976,377.0
977,377.0
978,383.0
979,381.0
980,371.0
981,371.0
982,369.0
983,366.0
984,359.0
985,355.0
986,353.0
987,357.0
988,362.0
989,371.0
990,374.0
991,376.0
992,376.0
993,372.0
994,372.0
995,378.0
996,381.0
997,374.0
998,367.0
999,364.0
1000,364.0
1001,362.0
1002,353.0
1003,347.0
1004,353.0
1005,364.0
1006,371.0
1007,373.0
1008,380.0
1009,384.0
1010,389.0
1011,388.0
1012,381.0
1013,377.0
1014,380.0
1015,383.0
1016,379.0
1017,376.0
1018,379.0
1019,376.0
1020,373.0
1021,371.0
1022,364.0
1023,358.0
1024,354.0
1025,358.0
1026,364.0
1027,369.0
1028,363.0
1029,368.0
1030,372.0
1031,377.0
1032,372.0
1033,367.0
1034,363.0
1035,368.0
1036,368.0
1037,364.0
1038,363.0
1039,371.0
1040,375.0
1041,376.0
1042,377.0
1043,381.0
1044,381.0
1045,375.0
1046,371.0
1047,370.0
1048,367.0
1049,361.0
1050,360.0
1051,361.0
1052,365.0
1053,360.0
1054,361.0
1055,364.0
1056,368.0
1057,372.0
1058,370.0
1059,381.0
1060,384.0
1061,379.0
1062,379.0
1063,377.0
1064,375.0
1065,373.0
1066,372.0
1067,368.0
1068,369.0
1069,381.0
1070,381.0
1071,373.0
1072,375.0
1073,380.0
1074,381.0
1075,382.0
1076,376.0
1077,365.0
1078,364.0
1079,361.0
1080,362.0
1081,362.0
1082,368.0
1083,372.0
1084,373.0
1085,374.0
1086,379.0
1087,380.0
1088,389.0
1089,382.0
1090,373.0
1091,371.0
1092,362.0
1093,361.0
1094,363.0
1095,362.0
1096,363.0
1097,368.0
1098,369.0
1099,368.0
1100,364.0
1101,367.0
1102,374.0
1103,369.0
1104,363.0
1105,368.0
1106,367.0
1107,365.0
1108,368.0
1109,367.0
1110,373.0
1111,376.0
1112,374.0
1113,371.0
1114,367.0
1115,358.0
1116,355.0
1117,352.0
1118,351.0
1119,358.0
1120,368.0
1121,377.0
1122,379.0
1123,372.0
1124,373.0
1125,378.0
1126,380.0
1127,387.0
1128,377.0
1129,373.0
1130,367.0
1131,365.0
1132,364.0
1133,367.0
1134,371.0
1135,381.0
1136,377.0
1137,372.0
1138,374.0
1139,368.0
1140,371.0
1141,373.0
1142,370.0
1143,366.0
1144,362.0
1145,364.0
1146,371.0
1147,372.0
1148,370.0
1149,377.0
1150,371.0
1151,377.0
1152,386.0
1153,386.0
1154,384.0
1155,371.0
1156,374.0
1157,376.0
1158,370.0
1159,373.0
1160,374.0
1161,374.0
1162,368.0
1163,366.0
1164,375.0
1165,375.0
1166,377.0
1167,380.0
1168,383.0
1169,377.0
1170,372.0
1171,369.0
1172,369.0
1173,369.0
1174,366.0
1175,360.0
1176,360.0
1177,351.0
1178,340.0
1179,337.0
1180,333.0
1181,328.0
1182,313.0
1183,306.0
1184,303.0
1185,304.0
1186,311.0
1187,317.0
1188,308.0
1189,310.0
1190,315.0
1191,322.0
1192,335.0
1193,340.0
1194,348.0
1195,364.0
1196,372.0
1197,383.0
1198,400.0
1199,411.0
1200,427.0
1201,436.0
1202,443.0
1203,451.0
1204,446.0
1205,447.0
1206,443.0
1207,428.0
1208,422.0
1209,417.0
1210,416.0
1211,411.0
1212,400.0
1213,400.0
1214,396.0
1215,392.0
1216,396.0
1217,389.0
1218,379.0
1219,373.0
1220,374.0
1221,370.0
1222,364.0
1223,361.0
1224,360.0
1225,366.0
1226,373.0
1227,368.0
1228,361.0
1229,365.0
1230,371.0
1231,373.0
1232,373.0
1233,366.0
1234,355.0
1235,355.0
1236,361.0
1237,372.0
1238,368.0
1239,369.0
1240,368.0
1241,370.0
1242,376.0
1243,383.0
1244,386.0
1245,375.0
1246,367.0
1247,368.0
1248,363.0
1249,364.0
1250,371.0
1251,380.0
1252,374.0
1253,372.0
1254,370.0
1255,371.0
1256,373.0
1257,369.0
1258,365.0
1259,353.0
1260,345.0
1261,337.0
1262,341.0
1263,353.0
1264,356.0
1265,357.0
1266,361.0
1267,365.0
1268,367.0
1269,369.0
1270,366.0
1271,362.0
1272,360.0
1273,354.0
1274,355.0
1275,346.0
1276,346.0
1277,354.0
1278,362.0
1279,368.0
1280,374.0
1281,373.0
1282,372.0
1283,372.0
1284,369.0
1285,362.0
1286,357.0
1287,354.0
1288,358.0
1289,357.0
1290,350.0
1291,349.0
1292,353.0
1293,358.0
1294,363.0
1295,366.0
1296,362.0
1297,357.0
1298,357.0
1299,355.0
1300,351.0
1301,354.0
1302,361.0
1303,375.0
1304,374.0
1305,365.0
1306,360.0
1307,357.0
1308,353.0
1309,355.0
1310,352.0
1311,345.0
1312,337.0
1313,326.0
1314,334.0
1315,340.0
1316,344.0
1317,347.0
1318,349.0
1319,352.0
1320,354.0
1321,360.0
1322,359.0
1323,361.0
1324,353.0
1325,342.0
1326,340.0
1327,337.0
1328,332.0
1329,326.0
1330,324.0
1331,326.0
1332,333.0
1333,335.0
1334,345.0
1335,351.0
1336,351.0
1337,349.0
1338,340.0
1339,342.0
1340,340.0
1341,334.0
1342,335.0
1343,333.0
1344,333.0
1345,335.0
1346,330.0
1347,337.0
1348,338.0
1349,343.0
1350,337.0
1351,328.0
1352,328.0
1353,325.0
1354,320.0
1355,326.0
1356,328.0
1357,331.0
1358,329.0
1359,331.0
1360,340.0
1361,342.0
1362,336.0
1363,333.0
1364,320.0
1365,321.0
1366,328.0
1367,329.0
1368,335.0
1369,346.0
1370,356.0
1371,356.0
1372,355.0
1373,361.0
1374,363.0
1375,360.0
1376,352.0
1377,353.0
1378,342.0
1379,335.0
1380,336.0
1381,348.0
1382,359.0
1383,364.0
1384,364.0
1385,364.0
1386,367.0
1387,362.0
1388,360.0
1389,361.0
1390,364.0
1391,363.0
1392,370.0
1393,371.0
1394,369.0
1395,371.0
1396,374.0
1397,375.0
1398,366.0
1399,375.0
1400,381.0
1401,380.0
1402,371.0
1403,360.0
1404,354.0
1405,354.0
1406,347.0
1407,355.0
1408,364.0
1409,373.0
1410,376.0
1411,378.0
1412,379.0
1413,372.0
1414,369.0
1415,368.0
1416,365.0
1417,365.0
1418,365.0
1419,369.0
1420,369.0
1421,367.0
1422,371.0
1423,371.0
1424,372.0
1425,374.0
1426,380.0
1427,383.0
1428,376.0
1429,376.0
1430,377.0
1431,376.0
1432,371.0
1433,380.0
1434,378.0
1435,379.0
1436,376.0
1437,373.0
1438,378.0
1439,385.0
1440,390.0
1441,382.0
1442,373.0
1443,373.0
1444,370.0
1445,366.0
1446,371.0
1447,375.0
1448,385.0
1449,381.0
1450,377.0
1451,373.0
1452,374.0
1453,371.0
1454,369.0
1455,358.0
1456,353.0
1457,357.0
1458,356.0
1459,361.0
1460,363.0
1461,371.0
1462,380.0
1463,380.0
1464,386.0
1465,384.0
1466,379.0
1467,378.0
1468,373.0
1469,367.0
1470,361.0
1471,363.0
1472,371.0
1473,374.0
1474,383.0
1475,378.0
1476,382.0
1477,380.0
1478,380.0
1479,380.0
1480,374.0
1481,373.0
1482,369.0
1483,371.0
1484,375.0
1485,376.0
1486,375.0
1487,383.0
1488,381.0
1489,382.0
1490,385.0
1491,388.0
1492,384.0
1493,379.0
1494,375.0
1495,370.0
1496,368.0
1497,364.0
1498,359.0
1499,361.0
1500,367.0
1501,370.0
1502,374.0
1503,381.0
1504,383.0
1505,378.0
1506,363.0
1507,355.0
1508,352.0
1509,355.0
1510,352.0
1511,358.0
1512,374.0
1513,376.0
1514,382.0
1515,376.0
1516,382.0
1517,386.0
1518,380.0
1519,378.0
1520,378.0
1521,364.0
1522,361.0
1523,367.0
1524,370.0
1525,372.0
1526,386.0
1527,387.0
1528,376.0
1529,374.0
1530,367.0
1531,367.0
1532,379.0
1533,377.0
1534,367.0
1535,366.0
1536,371.0
1537,376.0
1538,380.0
1539,380.0
1540,374.0
1541,373.0
1542,377.0
1543,382.0
1544,382.0
1545,385.0
1546,380.0
1547,378.0
1548,372.0
1549,370.0
1550,371.0
1551,370.0
1552,370.0
1553,365.0
1554,369.0
1555,378.0
1556,380.0
1557,378.0
1558,382.0
1559,383.0
1560,372.0
1561,364.0
1562,369.0
1563,377.0
1564,377.0
1565,378.0
1566,367.0
1567,365.0
1568,373.0
1569,383.0
1570,381.0
1571,377.0
1572,365.0
1573,362.0
1574,368.0
1575,365.0
1576,365.0
1577,368.0
1578,369.0
1579,370.0
1580,365.0
1581,365.0
1582,373.0
1583,374.0
1584,376.0
1585,365.0
1586,363.0
1587,367.0
1588,362.0
1589,367.0
1590,373.0
1591,371.0
1592,378.0
1593,377.0
1594,374.0
1595,378.0
1596,379.0
1597,375.0
1598,372.0
1599,368.0
1600,363.0
1601,355.0
1602,362.0
1603,369.0
1604,368.0
1605,368.0
1606,371.0
1607,369.0
1608,378.0
1609,381.0
1610,379.0
1611,373.0
1612,365.0
1613,364.0
1614,362.0
1615,366.0
1616,368.0
1617,372.0
1618,374.0
1619,371.0
1620,371.0
1621,376.0
1622,382.0
1623,388.0
1624,383.0
1625,371.0
1626,373.0
1627,376.0
1628,374.0
1629,381.0
1630,377.0
1631,381.0
1632,377.0
1633,374.0
1634,376.0
1635,380.0
1636,383.0
1637,376.0
1638,371.0
1639,366.0
1640,367.0
1641,375.0
1642,379.0
1643,382.0
1644,386.0
1645,385.0
1646,381.0
1647,380.0
1648,382.0
1649,378.0
1650,371.0
1651,373.0
1652,366.0
1653,362.0
1654,362.0
1655,363.0
1656,368.0
1657,372.0
1658,379.0
1659,381.0
1660,385.0
1661,384.0
1662,377.0
1663,372.0
1664,365.0
1665,352.0
1666,339.0
1667,330.0
1668,325.0
1669,325.0
1670,324.0
1671,320.0
1672,319.0
1673,332.0
1674,327.0
1675,323.0
1676,321.0
1677,310.0
1678,301.0
1679,296.0
1680,297.0
1681,314.0
1682,337.0
1683,359.0
1684,374.0
1685,393.0
1686,398.0
1687,405.0
1688,415.0
1689,429.0
1690,433.0
1691,428.0
1692,437.0
1693,441.0
1694,443.0
1695,442.0
1696,442.0
1697,433.0
1698,428.0
1699,416.0
1700,420.0
1701,409.0
1702,398.0
1703,386.0
1704,381.0
1705,384.0
1706,384.0
1707,386.0
1708,384.0
1709,384.0
1710,381.0
1711,372.0
1712,364.0
1713,367.0
1714,371.0
1715,376.0
1716,370.0
1717,366.0
1718,357.0
1719,354.0
1720,365.0
1721,374.0
1722,380.0
1723,381.0
1724,375.0
1725,374.0
1726,387.0
1727,385.0
1728,382.0
1729,379.0
1730,370.0
1731,370.0
1732,366.0
1733,365.0
1734,362.0
1735,364.0
1736,367.0
1737,369.0
1738,368.0
1739,370.0
1740,371.0
1741,367.0
1742,366.0
1743,365.0
1744,363.0
1745,365.0
1746,367.0
1747,368.0
1748,373.0
1749,373.0
1750,368.0
1751,366.0
1752,375.0
1753,376.0
1754,368.0
1755,371.0
1756,371.0
1757,373.0
1758,366.0
1759,365.0
1760,357.0
1761,358.0
1762,362.0
1763,367.0
1764,367.0
1765,367.0
1766,367.0
1767,367.0
1768,364.0
1769,358.0
1770,358.0
1771,357.0
1772,358.0
1773,360.0
1774,363.0
1775,360.0
1776,367.0
1777,372.0
1778,372.0
1779,366.0
1780,366.0
1781,359.0
1782,356.0
1783,356.0
1784,353.0
1785,358.0
1786,360.0
1787,360.0
1788,359.0
1789,363.0
1790,362.0
1791,368.0
1792,365.0
1793,361.0
1794,359.0
1795,351.0
1796,350.0
1797,350.0
1798,347.0
1799,351.0
1800,353.0
1801,357.0
1802,365.0
1803,369.0
1804,370.0
1805,366.0
1806,363.0
1807,349.0
1808,340.0
1809,339.0
1810,337.0
1811,341.0
1812,342.0
1813,347.0
1814,353.0
1815,358.0
1816,352.0
1817,348.0
1818,346.0
1819,338.0
1820,334.0
1821,330.0
1822,333.0
1823,341.0
1824,337.0
1825,335.0
1826,338.0
1827,335.0
1828,330.0
1829,333.0
1830,344.0
1831,346.0
1832,349.0
1833,342.0
1834,339.0
1835,337.0
1836,332.0
1837,330.0
1838,330.0
1839,333.0
1840,340.0
1841,347.0
1842,350.0
1843,351.0
1844,351.0
1845,348.0
1846,338.0
1847,330.0
1848,331.0
1849,325.0
1850,329.0
1851,332.0
1852,330.0
1853,337.0
1854,342.0
1855,344.0
1856,344.0
1857,347.0
1858,343.0
1859,338.0
1860,335.0
1861,329.0
1862,334.0
1863,339.0
1864,349.0
1865,354.0
1866,354.0
1867,356.0
1868,351.0
1869,352.0
1870,354.0
1871,355.0
1872,352.0
1873,352.0
1874,349.0
1875,350.0
1876,350.0
1877,356.0
1878,357.0
1879,360.0
1880,360.0
1881,364.0
1882,368.0
1883,372.0
1884,369.0
1885,368.0
1886,361.0
1887,358.0
1888,358.0
1889,360.0
1890,369.0
1891,373.0
1892,381.0
1893,382.0
1894,381.0
1895,376.0
1896,376.0
1897,372.0
1898,369.0
1899,362.0
1900,355.0
1901,363.0
1902,361.0
1903,361.0
1904,355.0
1905,365.0
1906,373.0
1907,373.0
1908,380.0
1909,383.0
1910,374.0
1911,370.0
1912,363.0
1913,365.0
1914,366.0
1915,359.0
1916,361.0
1917,369.0
1918,372.0
1919,373.0
1920,376.0
1921,380.0
1922,384.0
1923,382.0
1924,377.0
1925,372.0
1926,372.0
1927,367.0
1928,356.0
1929,355.0
1930,355.0
1931,364.0
1932,368.0
1933,373.0
1934,383.0
1935,395.0
1936,392.0
1937,389.0
1938,393.0
1939,380.0
1940,367.0
1941,357.0
1942,354.0
1943,357.0
1944,365.0
1945,367.0
1946,367.0
1947,364.0
1948,369.0
1949,376.0
1950,376.0
1951,375.0
1952,372.0
1953,371.0
1954,365.0
1955,367.0
1956,369.0
1957,376.0
1958,371.0
1959,368.0
1960,365.0
1961,369.0
1962,368.0
1963,371.0
1964,371.0
1965,371.0
1966,370.0
1967,374.0
1968,379.0
1969,377.0
1970,376.0
1971,372.0
1972,368.0
1973,364.0
1974,368.0
1975,370.0
1976,368.0
1977,369.0
1978,370.0
1979,372.0
1980,369.0
1981,371.0
1982,374.0
1983,373.0
1984,370.0
1985,369.0
1986,370.0
1987,372.0
1988,371.0
1989,366.0
1990,359.0
1991,358.0
1992,357.0
1993,355.0
1994,363.0
1995,370.0
1996,371.0
1997,372.0
1998,371.0
1999,378.0
2000,383.0
2001,379.0
2002,379.0
2003,371.0
2004,368.0
2005,366.0
2006,374.0
2007,380.0
2008,377.0
2009,379.0
2010,374.0
2011,367.0
2012,366.0
2013,372.0
2014,373.0
2015,361.0
2016,344.0
2017,339.0
2018,340.0
2019,353.0
2020,359.0
2021,361.0
2022,368.0
2023,379.0
2024,386.0
2025,379.0
2026,381.0
2027,385.0
2028,381.0
2029,372.0
2030,364.0
2031,354.0
2032,354.0
2033,358.0
2034,364.0
2035,362.0
2036,362.0
2037,362.0
2038,368.0
2039,375.0
2040,375.0
2041,376.0
2042,378.0
2043,375.0
2044,375.0
2045,374.0
2046,373.0
2047,376.0
2048,377.0
2049,380.0
2050,372.0
2051,371.0
2052,381.0
2053,384.0
2054,384.0
2055,380.0
2056,364.0
2057,348.0
2058,348.0
2059,353.0
2060,358.0
2061,370.0
2062,373.0
2063,375.0
2064,375.0
2065,387.0
2066,389.0
2067,383.0
2068,374.0
2069,363.0
2070,356.0
2071,350.0
2072,353.0
2073,363.0
2074,371.0
2075,378.0
2076,375.0
2077,372.0
2078,370.0
2079,366.0
2080,367.0
2081,365.0
2082,360.0
2083,357.0
2084,361.0
2085,367.0
2086,371.0
2087,372.0
2088,373.0
2089,376.0
2090,374.0
2091,368.0
2092,372.0
2093,370.0
2094,361.0
2095,358.0
2096,353.0
2097,352.0
2098,358.0
2099,367.0
2100,370.0
2101,378.0
2102,375.0
2103,374.0
2104,369.0
2105,366.0
2106,364.0
2107,359.0
2108,361.0
2109,360.0
2110,363.0
2111,364.0
2112,369.0
2113,371.0
2114,375.0
2115,374.0
2116,366.0
2117,368.0
2118,375.0
2119,376.0
2120,369.0
2121,362.0
2122,358.0
2123,357.0
2124,363.0
2125,367.0
2126,359.0
2127,364.0
2128,368.0
2129,368.0
2130,368.0
2131,369.0
2132,369.0
2133,366.0
2134,362.0
2135,361.0
2136,359.0
2137,360.0
2138,368.0
2139,373.0
2140,378.0
2141,380.0
2142,380.0
2143,389.0
2144,390.0
2145,392.0
2146,388.0
2147,377.0
2148,371.0
2149,369.0
2150,365.0
2151,363.0
2152,364.0
2153,363.0
2154,362.0
2155,362.0
2156,359.0
2157,368.0
2158,373.0
2159,374.0
2160,374.0
2161,369.0
2162,368.0
2163,370.0
2164,372.0
2165,374.0
2166,377.0
2167,374.0
2168,365.0
2169,361.0
2170,365.0
2171,351.0
2172,343.0
2173,330.0
2174,312.0
2175,309.0
2176,309.0
2177,309.0
2178,306.0
2179,306.0
2180,311.0
2181,315.0
2182,313.0
2183,309.0
2184,310.0
2185,304.0
2186,295.0
2187,300.0
2188,320.0
2189,341.0
2190,366.0
2191,382.0
2192,394.0
2193,409.0
2194,424.0
2195,437.0
2196,445.0
2197,441.0
2198,434.0
2199,423.0
2200,414.0
2201,413.0
2202,414.0
2203,408.0
2204,405.0
2205,399.0
2206,398.0
2207,395.0
2208,398.0
2209,404.0
2210,393.0
2211,381.0
2212,370.0
2213,363.0
2214,363.0
2215,365.0
2216,363.0
2217,360.0
2218,353.0
2219,353.0
2220,357.0
2221,359.0
2222,374.0
2223,380.0
2224,373.0
2225,371.0
2226,363.0
2227,361.0
2228,356.0
2229,363.0
2230,366.0
2231,367.0
2232,372.0
2233,375.0
2234,370.0
2235,375.0
2236,371.0
2237,365.0
2238,358.0
2239,353.0
2240,351.0
2241,347.0
2242,351.0
2243,351.0
2244,352.0
2245,350.0
2246,354.0
2247,361.0
2248,364.0
2249,368.0
2250,372.0
2251,369.0
2252,369.0
2253,363.0
2254,362.0
2255,363.0
2256,362.0
2257,359.0
2258,354.0
2259,351.0
2260,348.0
2261,357.0
2262,363.0
2263,366.0
2264,362.0
2265,357.0
2266,351.0
2267,355.0
2268,360.0
2269,356.0
2270,358.0
2271,362.0
2272,356.0
2273,356.0
2274,357.0
2275,353.0
2276,355.0
2277,352.0
2278,351.0
2279,346.0
2280,349.0
2281,351.0
2282,351.0
2283,361.0
2284,373.0
2285,378.0
2286,376.0
2287,371.0
2288,359.0
2289,356.0
2290,355.0
2291,346.0
2292,341.0
2293,342.0
2294,343.0
2295,345.0
2296,345.0
2297,347.0
2298,349.0
2299,345.0
2300,348.0
2301,354.0
2302,349.0
2303,343.0
2304,338.0
2305,337.0
2306,338.0
2307,337.0
2308,342.0
2309,336.0
2310,345.0
2311,350.0
2312,349.0
2313,354.0
2314,359.0
2315,356.0
2316,353.0
2317,341.0
2318,327.0
2319,320.0
2320,324.0
2321,330.0
2322,332.0
2323,334.0
2324,342.0
2325,343.0
2326,337.0
2327,341.0
2328,343.0
2329,340.0
2330,333.0
2331,333.0
2332,330.0
2333,333.0
2334,340.0
2335,341.0
2336,342.0
2337,339.0
2338,330.0
2339,332.0
2340,334.0
2341,331.0
2342,328.0
2343,326.0
2344,320.0
2345,316.0
2346,313.0
2347,319.0
2348,322.0
2349,326.0
2350,335.0
2351,344.0
2352,351.0
2353,351.0
2354,343.0
2355,336.0
2356,328.0
2357,323.0
2358,324.0
2359,319.0
2360,325.0
2361,323.0
2362,327.0
2363,336.0
2364,342.0
2365,348.0
2366,349.0
2367,344.0
2368,339.0
2369,335.0
2370,330.0
2371,327.0
2372,316.0
2373,321.0
2374,331.0
2375,343.0
2376,354.0
2377,362.0
2378,366.0
2379,364.0
2380,361.0
2381,360.0
2382,349.0
2383,341.0
2384,345.0
2385,340.0
2386,340.0
2387,340.0
2388,353.0
2389,360.0
2390,367.0
2391,371.0
2392,373.0
2393,376.0
2394,373.0
2395,369.0
2396,365.0
2397,362.0
2398,352.0
2399,355.0
2400,352.0
2401,350.0
2402,360.0
2403,366.0
2404,366.0
2405,368.0
2406,369.0
2407,370.0
2408,366.0
2409,357.0
2410,348.0
2411,344.0
2412,348.0
2413,351.0
2414,358.0
2415,367.0
2416,370.0
2417,372.0
2418,384.0
2419,395.0
2420,391.0
2421,380.0
2422,365.0
2423,363.0
2424,356.0
2425,351.0
2426,343.0
2427,341.0
2428,341.0
2429,347.0
2430,360.0
2431,371.0
2432,365.0
2433,360.0
2434,362.0
2435,364.0
2436,360.0
2437,357.0
2438,361.0
2439,364.0
2440,369.0
2441,372.0
2442,377.0
2443,370.0
2444,368.0
2445,370.0
2446,370.0
2447,359.0
2448,356.0
2449,353.0
2450,354.0
2451,357.0
2452,359.0
2453,362.0
2454,367.0
2455,372.0
2456,372.0
2457,371.0
2458,370.0
2459,372.0
2460,369.0
2461,362.0
2462,361.0
2463,366.0
2464,370.0
2465,363.0
2466,367.0
2467,373.0
2468,376.0
2469,382.0
2470,378.0
2471,376.0
2472,375.0
2473,365.0
2474,353.0
2475,348.0
2476,347.0
2477,340.0
2478,347.0
2479,357.0
2480,366.0
2481,370.0
2482,370.0
2483,381.0
2484,378.0
2485,364.0
2486,363.0
2487,360.0
2488,357.0
2489,348.0
2490,345.0
2491,346.0
2492,349.0
2493,359.0
2494,366.0
2495,365.0
2496,372.0
2497,365.0
2498,365.0
2499,360.0
2500,351.0
2501,352.0
2502,358.0
2503,357.0
2504,352.0
2505,358.0
2506,366.0
2507,368.0
2508,372.0
2509,376.0
2510,371.0
2511,373.0
2512,372.0
2513,370.0
2514,366.0
2515,362.0
2516,361.0
2517,360.0
2518,361.0
2519,365.0
2520,367.0
2521,364.0
2522,371.0
2523,370.0
2524,361.0
2525,355.0
2526,348.0
2527,343.0
2528,343.0
2529,343.0
2530,347.0
2531,357.0
2532,364.0
2533,375.0
2534,376.0
2535,375.0
2536,380.0
2537,377.0
2538,374.0
2539,368.0
2540,365.0
2541,353.0
2542,347.0
2543,355.0
2544,353.0
2545,346.0
2546,356.0
2547,359.0
2548,366.0
2549,361.0
2550,359.0
2551,362.0
2552,365.0
2553,359.0
2554,360.0
2555,356.0
2556,361.0
2557,356.0
2558,350.0
2559,359.0
2560,367.0
2561,375.0
2562,373.0
2563,378.0
2564,374.0
2565,369.0
2566,358.0
2567,352.0
2568,351.0
2569,357.0
2570,361.0
2571,359.0
2572,363.0
2573,370.0
2574,380.0
2575,383.0
2576,377.0
2577,364.0
2578,352.0
2579,351.0
2580,353.0
2581,349.0
2582,354.0
2583,360.0
2584,356.0
2585,355.0
2586,362.0
2587,365.0
2588,368.0
2589,371.0
2590,360.0
2591,353.0
2592,354.0
2593,353.0
2594,348.0
2595,346.0
2596,352.0
2597,357.0
2598,366.0
2599,369.0
2600,369.0
2601,371.0
2602,370.0
2603,365.0
2604,353.0
2605,343.0
2606,341.0
2607,330.0
2608,332.0
2609,335.0
2610,348.0
2611,354.0
2612,358.0
2613,367.0
2614,371.0
2615,370.0
2616,363.0
2617,357.0
2618,354.0
2619,355.0
2620,361.0
2621,368.0
2622,365.0
2623,365.0
2624,373.0
2625,374.0
2626,374.0
2627,375.0
2628,369.0
2629,361.0
2630,360.0
2631,358.0
2632,358.0
2633,350.0
2634,352.0
2635,356.0
2636,360.0
2637,362.0
2638,361.0
2639,372.0
2640,376.0
2641,374.0
2642,370.0
2643,367.0
2644,359.0
2645,352.0
2646,347.0
2647,353.0
2648,359.0
2649,372.0
2650,378.0
2651,372.0
2652,371.0
2653,365.0
2654,349.0
2655,340.0
2656,339.0
2657,342.0
2658,345.0
2659,352.0
2660,356.0
2661,361.0
2662,370.0
2663,377.0
2664,378.0
2665,379.0
2666,377.0
2667,370.0
2668,355.0
2669,348.0
2670,341.0
2671,334.0
2672,327.0
2673,313.0
2674,306.0
2675,303.0
2676,310.0
2677,315.0
2678,309.0
2679,302.0
2680,303.0
2681,306.0
2682,306.0
2683,301.0
2684,290.0
2685,285.0
2686,289.0
2687,315.0
2688,334.0
2689,351.0
2690,369.0
2691,380.0
2692,391.0
2693,399.0
2694,417.0
2695,420.0
2696,409.0
2697,412.0
2698,408.0
2699,397.0
2700,401.0
2701,404.0
2702,403.0
2703,407.0
2704,415.0
2705,417.0
2706,407.0
2707,400.0
2708,389.0
2709,379.0
2710,379.0
2711,364.0
2712,356.0
2713,356.0
2714,354.0
2715,359.0
2716,361.0
2717,356.0
2718,362.0
2719,366.0
2720,366.0
2721,363.0
2722,357.0
2723,350.0
2724,344.0
2725,340.0
2726,338.0
2727,345.0
2728,354.0
2729,358.0
2730,363.0
2731,368.0
2732,372.0
2733,376.0
2734,368.0
2735,355.0
2736,347.0
2737,346.0
2738,346.0
2739,350.0
2740,352.0
2741,351.0
2742,356.0
2743,367.0
2744,374.0
2745,367.0
2746,367.0
2747,362.0
2748,354.0
2749,351.0
2750,341.0
2751,326.0
2752,328.0
2753,332.0
2754,345.0
2755,347.0
2756,347.0
2757,348.0
2758,352.0
2759,345.0
2760,339.0
2761,335.0
2762,333.0
2763,339.0
2764,342.0
2765,343.0
2766,348.0
2767,358.0
2768,361.0
2769,359.0
2770,361.0
2771,366.0
2772,365.0
2773,358.0
2774,354.0
2775,350.0
2776,347.0
2777,347.0
2778,346.0
2779,339.0
2780,340.0
2781,341.0
2782,347.0
2783,348.0
2784,349.0
2785,345.0
2786,339.0
2787,338.0
2788,333.0
2789,329.0
2790,323.0
2791,329.0
2792,337.0
2793,349.0
2794,355.0
2795,348.0
2796,351.0
2797,353.0
2798,356.0
2799,359.0
2800,356.0
2801,351.0
2802,341.0
2803,329.0
2804,325.0
2805,323.0
2806,326.0
2807,327.0
2808,327.0
2809,336.0
2810,337.0
2811,338.0
2812,336.0
2813,329.0
2814,330.0
2815,330.0
2816,333.0
2817,343.0
2818,341.0
2819,345.0
2820,341.0
2821,340.0
2822,344.0
2823,343.0
2824,338.0
2825,336.0
2826,327.0
2827,310.0
2828,305.0
2829,302.0
2830,306.0
2831,311.0
2832,313.0
2833,315.0
2834,317.0
2835,324.0
2836,333.0
2837,338.0
2838,327.0
2839,313.0
2840,311.0
2841,317.0
2842,317.0
2843,317.0
2844,319.0
2845,321.0
2846,328.0
2847,328.0
2848,335.0
2849,337.0
2850,333.0
2851,329.0
2852,320.0
2853,313.0
2854,311.0
2855,308.0
2856,308.0
2857,307.0
2858,308.0
2859,313.0
2860,316.0
2861,331.0
2862,338.0
2863,338.0
2864,341.0
2865,342.0
2866,342.0
2867,338.0
2868,330.0
2869,325.0
2870,324.0
2871,330.0
2872,340.0
2873,333.0
2874,327.0
2875,330.0
2876,331.0
2877,331.0
2878,330.0
2879,326.0
2880,330.0
2881,329.0
2882,330.0
2883,332.0
2884,335.0
2885,342.0
2886,344.0
2887,347.0
2888,354.0
2889,354.0
2890,352.0
2891,346.0
2892,341.0
2893,338.0
2894,338.0
2895,349.0
2896,356.0
2897,367.0
2898,368.0
2899,370.0
2900,367.0
2901,366.0
2902,364.0
2903,354.0
2904,343.0
2905,341.0
2906,342.0
2907,344.0
2908,351.0
2909,349.0
2910,350.0
2911,354.0
2912,358.0
2913,357.0
2914,355.0
2915,353.0
2916,352.0
2917,350.0
2918,339.0
2919,339.0
2920,332.0
2921,338.0
2922,348.0
2923,356.0
2924,358.0
2925,360.0
2926,356.0
2927,363.0
2928,365.0
2929,364.0
2930,358.0
2931,354.0
2932,353.0
2933,353.0
2934,354.0
2935,359.0
2936,357.0
2937,355.0
2938,353.0
2939,356.0
2940,349.0
2941,350.0
2942,351.0
2943,347.0
2944,340.0
2945,345.0
2946,346.0
2947,348.0
2948,353.0
2949,358.0
2950,359.0
2951,358.0
2952,357.0
2953,367.0
2954,369.0
2955,362.0
2956,354.0
2957,345.0
2958,338.0
2959,329.0
2960,330.0
2961,339.0
2962,349.0
2963,357.0
2964,360.0
2965,361.0
2966,361.0
2967,365.0
2968,364.0
2969,365.0
2970,353.0
2971,343.0
2972,341.0
2973,337.0
2974,342.0
2975,346.0
2976,343.0
2977,343.0
2978,344.0
2979,354.0
2980,359.0
2981,363.0
2982,354.0
2983,349.0
2984,348.0
2985,346.0
2986,349.0
2987,352.0
2988,350.0
2989,351.0
2990,352.0
2991,357.0
2992,363.0
2993,371.0
2994,379.0
2995,368.0
2996,356.0
2997,348.0
2998,343.0
2999,339.0
3000,337.0
3001,335.0
3002,343.0
3003,342.0
3004,339.0
3005,347.0
3006,353.0
3007,352.0
3008,352.0
3009,345.0
3010,334.0
3011,333.0
3012,334.0
3013,339.0
3014,338.0
3015,343.0
3016,350.0
3017,355.0
3018,368.0
3019,370.0
3020,367.0
3021,371.0
3022,365.0
3023,355.0
3024,356.0
3025,350.0
3026,341.0
3027,338.0
3028,346.0
3029,347.0
3030,345.0
3031,344.0
3032,342.0
3033,347.0
3034,349.0
3035,346.0
3036,345.0
3037,343.0
3038,341.0
3039,349.0
3040,353.0
3041,361.0
3042,368.0
3043,366.0
3044,369.0
3045,365.0
3046,355.0
3047,347.0
3048,336.0
3049,328.0
3050,337.0
3051,333.0
3052,333.0
3053,341.0
3054,342.0
3055,348.0
3056,349.0
3057,351.0
3058,352.0
3059,350.0
3060,347.0
3061,340.0
3062,339.0
3063,342.0
3064,344.0
3065,348.0
3066,355.0
3067,361.0
3068,363.0
3069,361.0
3070,366.0
3071,370.0
3072,362.0
3073,347.0
3074,341.0
3075,337.0
3076,331.0
3077,330.0
3078,331.0
3079,331.0
3080,339.0
3081,342.0
3082,341.0
3083,351.0
3084,350.0
3085,349.0
3086,348.0
3087,348.0
3088,348.0
3089,351.0
3090,351.0
3091,356.0
3092,358.0
3093,358.0
3094,355.0
3095,351.0
3096,349.0
3097,352.0
3098,346.0
3099,337.0
3100,336.0
3101,335.0
3102,334.0
3103,342.0
3104,349.0
3105,343.0
3106,349.0
3107,352.0
3108,357.0
3109,362.0
3110,357.0
3111,348.0
3112,342.0
3113,341.0
3114,338.0
3115,340.0
3116,336.0
3117,339.0
3118,350.0
3119,366.0
3120,370.0
3121,376.0
3122,379.0
3123,377.0
3124,367.0
3125,356.0
3126,347.0
3127,334.0
3128,323.0
3129,316.0
3130,315.0
3131,319.0
3132,327.0
3133,330.0
3134,336.0
3135,345.0
3136,343.0
3137,344.0
3138,349.0
3139,346.0
3140,340.0
3141,338.0
3142,339.0
3143,345.0
3144,344.0
3145,345.0
3146,343.0
3147,343.0
3148,346.0
3149,352.0
3150,351.0
3151,345.0
3152,345.0
3153,339.0
3154,334.0
3155,330.0
3156,330.0
3157,331.0
3158,335.0
3159,346.0
3160,349.0
3161,351.0
3162,352.0
3163,354.0
3164,347.0
3165,342.0
3166,336.0
3167,331.0
3168,330.0
3169,333.0
3170,345.0
3171,345.0
3172,344.0
3173,344.0
3174,345.0
3175,353.0
3176,351.0
3177,345.0
3178,341.0
3179,334.0
3180,334.0
3181,330.0
3182,333.0
3183,340.0
3184,347.0
3185,351.0
3186,355.0
3187,363.0
3188,369.0
3189,363.0
3190,355.0
3191,340.0
3192,334.0
3193,332.0
3194,327.0
3195,332.0
3196,337.0
3197,334.0
3198,334.0
3199,342.0
3200,348.0
3201,355.0
3202,353.0
3203,353.0
3204,347.0
3205,345.0
3206,343.0
3207,338.0
3208,334.0
3209,342.0
3210,346.0
3211,351.0
3212,358.0
3213,365.0
3214,369.0
3215,365.0
3216,361.0
3217,353.0
3218,333.0
3219,332.0
3220,333.0
3221,332.0
3222,334.0
3223,327.0
3224,317.0
3225,320.0
3226,323.0
3227,331.0
3228,323.0
3229,312.0
3230,303.0
3231,292.0
3232,283.0
3233,281.0
3234,278.0
3235,283.0
3236,289.0
3237,288.0
3238,284.0
3239,276.0
3240,275.0
3241,282.0
3242,305.0
3243,320.0
3244,329.0
3245,338.0
3246,344.0
3247,354.0
3248,368.0
3249,386.0
3250,400.0
3251,408.0
3252,414.0
3253,426.0
3254,432.0
3255,426.0
3256,416.0
3257,396.0
3258,385.0
3259,379.0
3260,361.0
3261,352.0
3262,343.0
3263,339.0
3264,345.0
3265,353.0
3266,359.0
3267,354.0
3268,348.0
3269,353.0
3270,344.0
3271,333.0
3272,333.0
3273,326.0
3274,329.0
3275,331.0
3276,335.0
3277,338.0
3278,339.0
3279,344.0
3280,346.0
3281,347.0
3282,348.0
3283,341.0
3284,331.0
3285,333.0
3286,331.0
3287,331.0
3288,326.0
3289,327.0
3290,338.0
3291,342.0
3292,347.0
3293,350.0
3294,351.0
3295,336.0
3296,329.0
3297,330.0
3298,325.0
3299,330.0
3300,337.0
3301,334.0
3302,337.0
3303,347.0
3304,355.0
3305,360.0
3306,362.0
3307,357.0
3308,340.0
3309,332.0
3310,325.0
3311,323.0
3312,313.0
3313,308.0
3314,305.0
3315,317.0
3316,327.0
3317,331.0
3318,335.0
3319,344.0
3320,350.0
3321,346.0
3322,334.0
3323,320.0
3324,320.0
3325,327.0
3326,332.0
3327,330.0
3328,331.0
3329,335.0
3330,334.0
3331,333.0
3332,337.0
3333,335.0
3334,326.0
3335,322.0
3336,321.0
3337,324.0
3338,327.0
3339,326.0
3340,329.0
3341,326.0
3342,329.0
3343,328.0
3344,328.0
3345,335.0
3346,338.0
3347,332.0
3348,329.0
3349,322.0
3350,322.0
3351,317.0
3352,321.0
3353,328.0
3354,335.0
3355,335.0
3356,332.0
3357,334.0
3358,333.0
3359,326.0
3360,315.0
3361,317.0
3362,309.0
3363,308.0
3364,305.0
3365,310.0
3366,312.0
3367,310.0
3368,310.0
3369,315.0
3370,311.0
3371,319.0
3372,322.0
3373,321.0
3374,320.0
3375,308.0
3376,304.0
3377,302.0
3378,306.0
3379,307.0
3380,306.0
3381,308.0
3382,310.0
3383,316.0
3384,324.0
3385,322.0
3386,312.0
3387,306.0
3388,295.0
3389,298.0
3390,306.0
3391,302.0
3392,302.0
3393,311.0
3394,310.0
3395,303.0
3396,305.0
3397,321.0
3398,323.0
3399,323.0
3400,316.0
3401,308.0
3402,312.0
3403,308.0
3404,307.0
3405,312.0
3406,307.0
3407,295.0
3408,290.0
3409,295.0
3410,306.0
3411,308.0
3412,306.0
3413,304.0
3414,302.0
3415,296.0
3416,292.0
3417,287.0
3418,291.0
3419,303.0
3420,304.0
3421,304.0
3422,307.0
3423,321.0
3424,331.0
3425,327.0
3426,322.0
3427,314.0
3428,313.0
3429,306.0
3430,302.0
3431,303.0
3432,308.0
3433,313.0
3434,319.0
3435,329.0
3436,338.0
3437,339.0
3438,341.0
3439,339.0
3440,328.0
3441,318.0
3442,310.0
3443,312.0
3444,323.0
3445,331.0
3446,336.0
3447,335.0
3448,339.0
3449,347.0
3450,354.0
3451,358.0
3452,353.0
3453,341.0
3454,329.0
3455,320.0
3456,317.0
3457,320.0
3458,325.0
3459,333.0
3460,345.0
3461,348.0
3462,348.0
3463,349.0
3464,344.0
3465,339.0
3466,327.0
3467,320.0
3468,322.0
3469,326.0
3470,324.0
3471,324.0
3472,329.0
3473,336.0
3474,338.0
3475,345.0
3476,350.0
3477,347.0
3478,344.0
3479,339.0
3480,335.0
3481,325.0
3482,321.0
3483,326.0
3484,330.0
3485,334.0
3486,336.0
3487,338.0
3488,349.0
3489,355.0
3490,353.0
3491,344.0
3492,335.0
3493,341.0
3494,340.0
3495,336.0
3496,332.0
3497,322.0
3498,325.0
3499,333.0
3500,338.0
3501,346.0
3502,349.0
3503,358.0
3504,354.0
3505,346.0
3506,340.0
3507,337.0
3508,332.0
3509,333.0
3510,331.0
3511,323.0
3512,328.0
3513,330.0
3514,334.0
3515,336.0
3516,341.0
3517,336.0
3518,325.0
3519,325.0
3520,324.0
3521,321.0
3522,327.0
3523,328.0
3524,330.0
3525,339.0
3526,343.0
3527,351.0
3528,359.0
3529,358.0
3530,346.0
3531,335.0
3532,321.0
3533,318.0
3534,326.0
3535,336.0
3536,339.0
3537,336.0
3538,339.0
3539,338.0
3540,339.0
3541,345.0
3542,349.0
3543,350.0
3544,342.0
3545,335.0
3546,333.0
3547,328.0
3548,326.0
3549,332.0
3550,336.0
3551,337.0
3552,334.0
3553,335.0
3554,336.0
3555,336.0
3556,335.0
3557,331.0
3558,328.0
3559,330.0
3560,333.0
3561,335.0
3562,333.0
3563,336.0
3564,346.0
3565,354.0
3566,353.0
3567,352.0
3568,344.0
3569,342.0
3570,334.0
3571,318.0
3572,313.0
3573,306.0
3574,320.0
3575,328.0
3576,332.0
3577,332.0
3578,330.0
3579,332.0
3580,342.0
3581,337.0
3582,335.0
3583,335.0
3584,334.0
3585,329.0
3586,320.0
3587,324.0
3588,327.0
3589,336.0
3590,341.0
3591,346.0
3592,345.0
3593,355.0
3594,362.0
3595,359.0
3596,347.0
3597,339.0
3598,339.0
3599,338.0
3600,331.0
3601,329.0
3602,334.0
3603,338.0
3604,333.0
3605,328.0
3606,338.0
3607,341.0
3608,328.0
3609,324.0
3610,321.0
3611,319.0
3612,321.0
3613,322.0
3614,326.0
3615,337.0
3616,330.0
3617,332.0
3618,337.0
3619,344.0
3620,347.0
3621,348.0
3622,335.0
3623,323.0
3624,319.0
3625,315.0
3626,316.0
3627,321.0
3628,325.0
3629,334.0
3630,343.0
3631,340.0
3632,352.0
3633,349.0
3634,349.0
3635,338.0
3636,327.0
3637,326.0
3638,321.0
3639,327.0
3640,335.0
3641,337.0
3642,337.0
3643,339.0
3644,340.0
3645,338.0
3646,334.0
3647,334.0
3648,331.0
3649,325.0
3650,332.0
3651,334.0
3652,335.0
3653,335.0
3654,337.0
3655,337.0
3656,335.0
3657,339.0
3658,348.0
3659,348.0
3660,341.0
3661,339.0
3662,334.0
3663,333.0
3664,331.0
3665,325.0
3666,326.0
3667,335.0
3668,340.0
3669,340.0
3670,337.0
3671,339.0
3672,336.0
3673,333.0
3674,322.0
3675,312.0
3676,304.0
3677,310.0
3678,319.0
3679,323.0
3680,327.0
3681,338.0
3682,351.0
3683,347.0
3684,350.0
3685,347.0
3686,340.0
3687,334.0
3688,321.0
3689,318.0
3690,315.0
3691,320.0
3692,319.0
3693,318.0
3694,322.0
3695,339.0
3696,341.0
3697,344.0
3698,350.0
3699,350.0
3700,344.0
3701,337.0
3702,335.0
3703,331.0
3704,329.0
3705,331.0
3706,331.0
3707,328.0
3708,326.0
3709,333.0
3710,338.0
3711,337.0
3712,335.0
3713,333.0
3714,326.0
3715,319.0
3716,315.0
3717,313.0
3718,319.0
3719,316.0
3720,324.0
3721,338.0
3722,343.0
3723,352.0
3724,347.0
3725,343.0
3726,339.0
3727,330.0
3728,326.0
3729,319.0
3730,309.0
3731,299.0
3732,299.0
3733,306.0
3734,322.0
3735,326.0
3736,341.0
3737,352.0
3738,350.0
3739,341.0
3740,331.0
3741,326.0
3742,328.0
3743,324.0
3744,326.0
3745,326.0
3746,334.0
3747,334.0
3748,337.0
3749,349.0
3750,349.0
3751,337.0
3752,335.0
3753,329.0
3754,325.0
3755,326.0
3756,324.0
3757,331.0
3758,336.0
3759,340.0
3760,345.0
3761,349.0
3762,349.0
3763,347.0
3764,345.0
3765,337.0
3766,327.0
3767,316.0
3768,320.0
3769,319.0
3770,322.0
3771,322.0
3772,322.0
3773,326.0
3774,335.0
3775,343.0
3776,346.0
3777,352.0
3778,355.0
3779,355.0
3780,340.0
3781,331.0
3782,322.0
3783,321.0
3784,320.0
3785,321.0
3786,317.0
3787,312.0
3788,315.0
3789,318.0
3790,308.0
3791,300.0
3792,289.0
3793,273.0
3794,272.0
3795,264.0
3796,269.0
3797,269.0
3798,274.0
3799,278.0
3800,269.0
3801,268.0
3802,275.0
3803,290.0
3804,306.0
3805,309.0
3806,311.0
3807,325.0
3808,334.0
3809,350.0
3810,366.0
3811,382.0
3812,385.0
3813,388.0
3814,393.0
3815,396.0
3816,395.0
3817,388.0
3818,385.0
3819,377.0
3820,367.0
3821,365.0
3822,359.0
3823,358.0
3824,362.0
3825,354.0
3826,347.0
3827,349.0
3828,360.0
3829,362.0
3830,362.0
3831,352.0
3832,341.0
3833,334.0
3834,333.0
3835,330.0
3836,325.0
3837,320.0
3838,316.0
3839,323.0
3840,325.0
3841,335.0
3842,335.0
3843,340.0
3844,335.0
3845,321.0
3846,315.0
3847,313.0
3848,315.0
3849,316.0
3850,324.0
3851,324.0
3852,325.0
3853,323.0
3854,333.0
3855,339.0
3856,340.0
3857,330.0
3858,315.0
3859,310.0
3860,308.0
3861,319.0
3862,321.0
3863,322.0
3864,328.0
3865,330.0
3866,333.0
3867,353.0
3868,360.0
3869,344.0
3870,333.0
3871,320.0
3872,317.0
3873,313.0
3874,313.0
3875,314.0
3876,323.0
3877,320.0
3878,322.0
3879,330.0
3880,332.0
3881,332.0
3882,326.0
3883,327.0
3884,318.0
3885,320.0
3886,316.0
3887,312.0
3888,313.0
3889,325.0
3890,330.0
3891,327.0
3892,330.0
3893,343.0
3894,345.0
3895,344.0
3896,328.0
3897,313.0
3898,308.0
3899,303.0
3900,305.0
3901,306.0
3902,307.0
3903,311.0
3904,320.0
3905,325.0
3906,333.0
3907,332.0
3908,325.0
3909,318.0
3910,303.0
3911,302.0
3912,302.0
3913,289.0
3914,289.0
3915,307.0
3916,317.0
3917,322.0
3918,326.0
3919,339.0
3920,333.0
3921,323.0
3922,317.0
3923,312.0
3924,313.0
3925,312.0
3926,307.0
3927,310.0
3928,307.0
3929,303.0
3930,313.0
3931,316.0
3932,319.0
3933,320.0
3934,319.0
3935,314.0
3936,306.0
3937,302.0
3938,294.0
3939,293.0
3940,294.0
3941,295.0
3942,298.0
3943,304.0
3944,308.0
3945,318.0
3946,326.0
3947,323.0
3948,308.0
3949,305.0
3950,301.0
3951,302.0
3952,294.0
3953,290.0
3954,287.0
3955,287.0
3956,290.0
3957,296.0
3958,306.0
3959,306.0
3960,299.0
3961,292.0
3962,292.0
3963,291.0
3964,282.0
3965,273.0
3966,282.0
3967,289.0
3968,295.0
3969,297.0
3970,302.0
3971,315.0
3972,318.0
3973,313.0
3974,304.0
3975,297.0
3976,291.0
3977,294.0
3978,279.0
3979,278.0
3980,283.0
3981,302.0
3982,311.0
3983,315.0
3984,318.0
3985,327.0
3986,328.0
3987,322.0
3988,313.0
3989,303.0
3990,303.0
3991,300.0
3992,305.0
3993,310.0
3994,315.0
3995,320.0
3996,327.0
3997,330.0
3998,329.0
3999,334.0
4000,329.0
4001,320.0
4002,313.0
4003,309.0
4004,310.0
4005,314.0
4006,316.0
4007,314.0
4008,325.0
4009,327.0
4010,329.0
4011,334.0
4012,329.0
4013,318.0
4014,309.0
4015,310.0
4016,320.0
4017,325.0
4018,331.0
4019,329.0
4020,329.0
4021,333.0
4022,334.0
4023,336.0
4024,343.0
4025,343.0
4026,339.0
4027,327.0
4028,317.0
4029,316.0
4030,320.0
4031,320.0
4032,323.0
4033,327.0
4034,337.0
4035,337.0
4036,344.0
4037,357.0
4038,360.0
4039,352.0
4040,338.0
4041,319.0
4042,309.0
4043,305.0
4044,306.0
4045,317.0
4046,327.0
4047,333.0
4048,343.0
4049,341.0
4050,344.0
4051,348.0
4052,344.0
4053,336.0
4054,322.0
4055,318.0
4056,316.0
4057,317.0
4058,320.0
4059,328.0
4060,327.0
4061,325.0
4062,334.0
4063,345.0
4064,340.0
4065,331.0
4066,331.0
4067,318.0
4068,317.0
4069,321.0
4070,332.0
4071,336.0
4072,340.0
4073,345.0
4074,350.0
4075,346.0
4076,352.0
4077,351.0
4078,337.0
4079,320.0
4080,314.0
4081,313.0
4082,317.0
4083,324.0
4084,325.0
4085,323.0
4086,331.0
4087,338.0
4088,342.0
4089,348.0
4090,350.0
4091,343.0
4092,339.0
4093,326.0
4094,320.0
4095,322.0
4096,314.0
4097,314.0
4098,315.0
4099,320.0
4100,331.0
4101,335.0
4102,345.0
4103,345.0
4104,336.0
4105,327.0
4106,319.0
4107,326.0
4108,326.0
4109,318.0
4110,319.0
4111,322.0
4112,324.0
4113,325.0
4114,332.0
4115,345.0
4116,346.0
4117,345.0
4118,338.0
4119,333.0
4120,328.0
4121,323.0
4122,318.0
4123,320.0
4124,323.0
4125,330.0
4126,335.0
4127,339.0
4128,347.0
4129,344.0
4130,338.0
4131,328.0
4132,319.0
4133,319.0
4134,319.0
4135,325.0
4136,334.0
4137,339.0
4138,345.0
4139,350.0
4140,350.0
4141,350.0
4142,353.0
4143,343.0
4144,332.0
4145,319.0
4146,315.0
4147,309.0
4148,309.0
4149,310.0
4150,311.0
4151,315.0
4152,322.0
4153,332.0
4154,340.0
4155,344.0
4156,338.0
4157,332.0
4158,322.0
4159,323.0
4160,326.0
4161,318.0
4162,317.0
4163,323.0
4164,332.0
4165,339.0
4166,341.0
4167,349.0
4168,351.0
4169,346.0
4170,339.0
4171,340.0
4172,334.0
4173,319.0
4174,309.0
4175,311.0
4176,318.0
4177,327.0
4178,333.0
4179,337.0
4180,341.0
4181,340.0
4182,332.0
4183,325.0
4184,321.0
4185,316.0
4186,315.0
4187,322.0
4188,329.0
4189,329.0
4190,328.0
4191,335.0
4192,337.0
4193,342.0
4194,343.0
4195,338.0
4196,330.0
4197,329.0
4198,326.0
4199,322.0
4200,325.0
4201,337.0
4202,335.0
4203,342.0
4204,346.0
4205,345.0
4206,343.0
4207,337.0
4208,331.0
4209,328.0
4210,323.0
4211,320.0
4212,324.0
4213,322.0
4214,324.0
4215,324.0
4216,325.0
4217,323.0
4218,327.0
4219,342.0
4220,343.0
4221,339.0
4222,335.0
4223,335.0
4224,326.0
4225,320.0
4226,318.0
4227,314.0
4228,313.0
4229,313.0
4230,320.0
4231,326.0
4232,334.0
4233,344.0
4234,352.0
4235,342.0
4236,329.0
4237,325.0
4238,320.0
4239,315.0
4240,320.0
4241,330.0
4242,338.0
4243,340.0
4244,340.0
4245,340.0
4246,342.0
4247,344.0
4248,343.0
4249,334.0
4250,327.0
4251,317.0
4252,310.0
4253,316.0
4254,311.0
4255,310.0
4256,316.0
4257,312.0
4258,319.0
4259,335.0
4260,338.0
4261,331.0
4262,318.0
4263,311.0
4264,315.0
4265,317.0
4266,318.0
4267,324.0
4268,331.0
4269,342.0
4270,346.0
4271,343.0
4272,342.0
4273,337.0
4274,332.0
4275,331.0
4276,319.0
4277,319.0
4278,320.0
4279,321.0
4280,329.0
4281,338.0
4282,344.0
4283,345.0
4284,354.0
4285,361.0
4286,357.0
4287,349.0
4288,329.0
4289,316.0
4290,313.0
4291,312.0
4292,316.0
4293,322.0
4294,322.0
4295,316.0
4296,322.0
4297,333.0
4298,338.0
4299,338.0
4300,334.0
4301,330.0
4302,327.0
4303,328.0
4304,322.0
4305,319.0
4306,326.0
4307,331.0
4308,329.0
4309,326.0
4310,329.0
4311,335.0
4312,337.0
4313,329.0
4314,326.0
4315,327.0
4316,329.0
4317,325.0
4318,322.0
4319,319.0
4320,314.0
4321,311.0
4322,308.0
4323,307.0
4324,308.0
4325,301.0
4326,297.0
4327,289.0
4328,278.0
4329,271.0
4330,263.0
4331,262.0
4332,267.0
4333,273.0
4334,273.0
4335,279.0
4336,292.0
4337,314.0
4338,329.0
4339,332.0
4340,330.0
4341,335.0
4342,336.0
4343,349.0
4344,365.0
4345,373.0
4346,369.0
4347,370.0
4348,380.0
4349,386.0
4350,384.0
4351,382.0
4352,381.0
4353,375.0
4354,360.0
4355,350.0
4356,341.0
4357,338.0
4358,339.0
4359,341.0
4360,334.0
4361,338.0
4362,350.0
4363,361.0
4364,363.0
4365,355.0
4366,339.0
4367,326.0
4368,320.0
4369,320.0
4370,323.0
4371,327.0
4372,328.0
4373,324.0
4374,326.0
4375,336.0
4376,342.0
4377,341.0
4378,346.0
4379,335.0
4380,320.0
4381,311.0
4382,315.0
4383,314.0
4384,314.0
4385,321.0
4386,330.0
4387,339.0
4388,352.0
4389,351.0
4390,342.0
4391,340.0
4392,340.0
4393,325.0
4394,312.0
4395,313.0
4396,306.0
4397,310.0
4398,310.0
4399,314.0
4400,323.0
4401,326.0
4402,328.0
4403,326.0
4404,321.0
4405,316.0
4406,309.0
4407,308.0
4408,305.0
4409,305.0
4410,308.0
4411,313.0
4412,321.0
4413,327.0
4414,324.0
4415,327.0
4416,330.0
4417,332.0
4418,331.0
4419,329.0
4420,328.0
4421,325.0
4422,324.0
4423,330.0
4424,326.0
4425,324.0
4426,321.0
4427,318.0
4428,324.0
4429,328.0
4430,324.0
4431,319.0
4432,316.0
4433,316.0
4434,313.0
4435,303.0
4436,307.0
4437,311.0
4438,309.0
4439,315.0
4440,319.0
4441,330.0
4442,336.0
4443,329.0
4444,326.0
4445,317.0
4446,309.0
4447,300.0
4448,298.0
4449,302.0
4450,309.0
4451,313.0
4452,319.0
4453,311.0
4454,313.0
4455,319.0
4456,316.0
4457,314.0
4458,307.0
4459,301.0
4460,297.0
4461,293.0
4462,290.0
4463,298.0
4464,300.0
4465,305.0
4466,312.0
4467,322.0
4468,320.0
4469,321.0
4470,323.0
4471,314.0
4472,309.0
4473,306.0
4474,296.0
4475,298.0
4476,297.0
4477,297.0
4478,301.0
4479,307.0
4480,310.0
4481,320.0
4482,321.0
4483,314.0
4484,301.0
4485,291.0
4486,293.0
4487,289.0
4488,284.0
4489,282.0
4490,283.0
4491,298.0
4492,295.0
4493,304.0
4494,317.0
4495,314.0
4496,309.0
4497,300.0
4498,294.0
4499,285.0
4500,272.0
4501,275.0
4502,280.0
4503,283.0
4504,286.0
4505,290.0
4506,294.0
4507,304.0
4508,306.0
4509,307.0
4510,303.0
4511,292.0
4512,295.0
4513,290.0
4514,295.0
4515,299.0
4516,303.0
4517,308.0
4518,311.0
4519,320.0
4520,322.0
4521,319.0
4522,313.0
4523,308.0
4524,299.0
4525,297.0
4526,295.0
4527,300.0
4528,305.0
4529,312.0
4530,318.0
4531,325.0
4532,336.0
4533,343.0
4534,339.0
4535,336.0
4536,332.0
4537,319.0
4538,314.0
4539,314.0
4540,313.0
4541,313.0
4542,315.0
4543,323.0
4544,327.0
4545,329.0
4546,341.0
4547,342.0
4548,328.0
4549,322.0
4550,321.0
4551,320.0
4552,317.0
4553,312.0
4554,312.0
4555,317.0
4556,323.0
4557,326.0
4558,326.0
4559,331.0
4560,332.0
4561,335.0
4562,337.0
4563,322.0
4564,316.0
4565,316.0
4566,317.0
4567,325.0
4568,327.0
4569,327.0
4570,334.0
4571,341.0
4572,348.0
4573,348.0
4574,343.0
4575,333.0
4576,321.0
4577,324.0
4578,320.0
4579,320.0
4580,320.0
4581,328.0
4582,339.0
4583,348.0
4584,352.0
4585,346.0
4586,341.0
4587,339.0
4588,332.0
4589,324.0
4590,323.0
4591,321.0
4592,317.0
4593,318.0
4594,310.0
4595,317.0
4596,324.0
4597,332.0
4598,343.0
4599,339.0
4600,338.0
4601,331.0
4602,321.0
4603,321.0
4604,320.0
4605,321.0
4606,328.0
4607,333.0
4608,338.0
4609,342.0
4610,346.0
4611,352.0
4612,350.0
4613,348.0
4614,338.0
4615,322.0
4616,319.0
4617,307.0
4618,307.0
4619,312.0
4620,317.0
4621,322.0
4622,331.0
4623,338.0
4624,342.0
4625,340.0
4626,335.0
4627,327.0
4628,322.0
4629,315.0
4630,314.0
4631,310.0
4632,315.0
4633,321.0
4634,327.0
4635,333.0
4636,344.0
4637,353.0
4638,358.0
4639,351.0
4640,342.0
4641,324.0
4642,314.0
4643,306.0
4644,305.0
4645,309.0
4646,313.0
4647,314.0
4648,322.0
4649,328.0
4650,337.0
4651,343.0
4652,346.0
4653,345.0
4654,336.0
4655,325.0
4656,323.0
4657,323.0
4658,323.0
4659,323.0
4660,322.0
4661,326.0
4662,332.0
4663,339.0
4664,346.0
4665,348.0
4666,336.0
4667,324.0
4668,320.0
4669,327.0
4670,328.0
4671,328.0
4672,315.0
4673,309.0
4674,319.0
4675,319.0
4676,325.0
4677,335.0
4678,345.0
4679,345.0
4680,334.0
4681,328.0
4682,327.0
4683,318.0
4684,314.0
4685,312.0
4686,320.0
4687,329.0
4688,333.0
4689,336.0
4690,341.0
4691,339.0
4692,332.0
4693,326.0
4694,319.0
4695,318.0
4696,317.0
4697,317.0
4698,320.0
4699,324.0
4700,326.0
4701,331.0
4702,340.0
4703,345.0
4704,348.0
4705,346.0
4706,337.0
4707,319.0
4708,314.0
4709,313.0
4710,318.0
4711,322.0
4712,326.0
4713,333.0
4714,331.0
4715,337.0
4716,344.0
4717,346.0
4718,341.0
4719,326.0
4720,316.0
4721,319.0
4722,315.0
4723,314.0
4724,311.0
4725,317.0
4726,325.0
4727,324.0
4728,335.0
4729,344.0
4730,340.0
4731,335.0
4732,332.0
4733,320.0
4734,318.0
4735,312.0
4736,312.0
4737,311.0
4738,317.0
4739,325.0
4740,329.0
4741,332.0
4742,338.0
4743,341.0
4744,334.0
4745,331.0
4746,326.0
4747,325.0
4748,318.0
4749,324.0
4750,326.0
4751,324.0
4752,326.0
4753,334.0
4754,340.0
4755,345.0
4756,338.0
4757,328.0
4758,322.0
4759,314.0
4760,314.0
4761,313.0
4762,320.0
4763,323.0
4764,326.0
4765,338.0
4766,347.0
4767,343.0
4768,343.0
4769,341.0
4770,339.0
4771,337.0
4772,328.0
4773,329.0
4774,319.0
4775,311.0
4776,311.0
4777,319.0
4778,323.0
4779,324.0
4780,322.0
4781,327.0
4782,331.0
4783,334.0
4784,326.0
4785,321.0
4786,319.0
4787,315.0
4788,318.0
4789,316.0
4790,319.0
4791,318.0
4792,317.0
4793,321.0
4794,328.0
4795,330.0
4796,328.0
4797,322.0
4798,310.0
4799,306.0
4800,304.0
4801,314.0
4802,315.0
4803,317.0
4804,317.0
4805,328.0
4806,331.0
4807,330.0
4808,337.0
4809,336.0
4810,330.0
4811,328.0
4812,330.0
4813,319.0
4814,318.0
4815,318.0
4816,324.0
4817,328.0
4818,335.0
4819,341.0
4820,343.0
4821,346.0
4822,349.0
4823,344.0
4824,333.0
4825,325.0
4826,323.0
4827,316.0
4828,310.0
4829,311.0
4830,315.0
4831,319.0
4832,325.0
4833,333.0
4834,337.0
4835,340.0
4836,331.0
4837,319.0
4838,317.0
4839,323.0
4840,327.0
4841,327.0
4842,328.0
4843,336.0
4844,346.0
4845,340.0
4846,337.0
4847,333.0
4848,324.0
4849,317.0
4850,309.0
4851,316.0
4852,313.0
4853,308.0
4854,310.0
4855,313.0
4856,319.0
4857,325.0
4858,333.0
4859,343.0
4860,344.0
4861,344.0
4862,339.0
4863,330.0
4864,319.0
4865,314.0
4866,310.0
4867,299.0
4868,298.0
4869,300.0
4870,296.0
4871,291.0
4872,293.0
4873,288.0
4874,284.0
4875,278.0
4876,274.0
4877,271.0
4878,263.0
4879,261.0
4880,258.0
4881,263.0
4882,266.0
4883,286.0
4884,307.0
4885,331.0
4886,346.0
4887,358.0
4888,361.0
4889,356.0
4890,364.0
4891,377.0
4892,378.0
4893,375.0
4894,376.0
4895,377.0
4896,369.0
4897,374.0
4898,379.0
4899,381.0
4900,370.0
4901,367.0
4902,351.0
4903,334.0
4904,332.0
4905,328.0
4906,332.0
4907,323.0
4908,317.0
4909,318.0
4910,326.0
4911,336.0
4912,342.0
4913,350.0
4914,344.0
4915,339.0
4916,329.0
4917,326.0
4918,316.0
4919,317.0
4920,315.0
4921,314.0
4922,319.0
4923,321.0
4924,328.0
4925,335.0
4926,330.0
4927,329.0
4928,326.0
4929,321.0
4930,324.0
4931,317.0
4932,320.0
4933,318.0
4934,328.0
4935,335.0
4936,334.0
4937,334.0
4938,335.0
4939,339.0
4940,337.0
4941,327.0
4942,312.0
4943,310.0
4944,306.0
4945,312.0
4946,312.0
4947,315.0
4948,322.0
4949,325.0
4950,328.0
4951,333.0
4952,333.0
4953,329.0
4954,325.0
4955,313.0
4956,309.0
4957,307.0
4958,309.0
4959,311.0
4960,313.0
4961,314.0
4962,318.0
4963,320.0
4964,324.0
4965,324.0
4966,317.0
4967,312.0
4968,317.0
4969,313.0
4970,302.0
4971,298.0
4972,306.0
4973,318.0
4974,324.0
4975,327.0
4976,330.0
4977,337.0
4978,330.0
4979,324.0
4980,314.0
4981,303.0
4982,306.0
4983,312.0
4984,313.0
4985,303.0
4986,301.0
4987,309.0
4988,314.0
4989,321.0
4990,325.0
4991,325.0
4992,320.0
4993,316.0
4994,309.0
4995,312.0
4996,311.0
4997,317.0
4998,313.0
4999,304.0
