,Amplitude
0,0.0
1,132.0
2,141.0
3,160.0
4,169.0
5,168.0
6,175.0
7,176.0
8,175.0
9,165.0
10,145.0
11,127.0
12,120.0
13,116.0
14,127.0
15,136.0
16,157.0
17,172.0
18,174.0
19,186.0
20,175.0
21,173.0
22,171.0
23,150.0
24,131.0
25,119.0
26,120.0
27,134.0
28,145.0
29,160.0
30,170.0
31,177.0
32,187.0
33,180.0
34,173.0
35,160.0
36,143.0
37,125.0
38,115.0
39,111.0
40,122.0
41,129.0
42,145.0
43,159.0
44,156.0
45,166.0
46,172.0
47,172.0
48,164.0
49,143.0
50,125.0
51,112.0
52,111.0
53,128.0
54,140.0
55,154.0
56,169.0
57,171.0
58,186.0
59,181.0
60,172.0
61,168.0
62,152.0
63,126.0
64,115.0
65,113.0
66,125.0
67,131.0
68,146.0
69,169.0
70,175.0
71,190.0
72,191.0
73,189.0
74,182.0
75,158.0
76,135.0
77,123.0
78,116.0
79,129.0
80,137.0
81,151.0
82,163.0
83,163.0
84,176.0
85,176.0
86,179.0
87,178.0
88,154.0
89,130.0
90,120.0
91,117.0
92,130.0
93,141.0
94,152.0
95,168.0
96,167.0
97,165.0
98,169.0
99,173.0
100,168.0
101,152.0
102,132.0
103,120.0
104,118.0
105,131.0
106,138.0
107,149.0
108,171.0
109,172.0
110,180.0
111,180.0
112,179.0
113,172.0
114,156.0
115,131.0
116,121.0
117,113.0
118,118.0
119,132.0
120,143.0
121,158.0
122,162.0
123,168.0
124,166.0
125,167.0
126,175.0
127,164.0
128,133.0
129,112.0
130,105.0
131,120.0
132,131.0
133,142.0
134,157.0
135,159.0
136,166.0
137,171.0
138,169.0
139,161.0
140,146.0
141,125.0
142,114.0
143,110.0
144,116.0
145,127.0
146,140.0
147,158.0
148,163.0
149,166.0
150,172.0
151,173.0
152,170.0
153,158.0
154,134.0
155,117.0
156,110.0
157,120.0
158,132.0
159,147.0
160,163.0
161,164.0
162,168.0
163,176.0
164,182.0
165,185.0
166,175.0
167,156.0
168,136.0
169,125.0
170,128.0
171,142.0
172,147.0
173,155.0
174,157.0
175,163.0
176,175.0
177,170.0
178,166.0
179,163.0
180,144.0
181,131.0
182,128.0
183,130.0
184,134.0
185,143.0
186,156.0
187,162.0
188,172.0
189,180.0
190,178.0
191,178.0
192,171.0
193,148.0
194,131.0
195,119.0
196,118.0
197,128.0
198,134.0
199,156.0
200,160.0
201,164.0
202,172.0
203,173.0
204,174.0
205,164.0
206,145.0
207,135.0
208,130.0
209,133.0
210,150.0
211,154.0
212,166.0
213,169.0
214,165.0
215,172.0
216,165.0
217,158.0
218,137.0
219,105.0
220,81.0
221,72.0
222,73.0
223,82.0
224,86.0
225,92.0
226,101.0
227,107.0
228,123.0
229,129.0
230,130.0
231,122.0
232,105.0
233,90.0
234,83.0
235,75.0
236,90.0
237,106.0
238,129.0
239,157.0
240,171.0
241,194.0
242,205.0
243,212.0
244,205.0
245,186.0
246,157.0
247,143.0
248,136.0
249,148.0
250,154.0
251,170.0
252,185.0
253,180.0
254,185.0
255,182.0
256,183.0
257,182.0
258,169.0
259,146.0
260,131.0
261,120.0
262,127.0
263,136.0
264,146.0
265,157.0
266,163.0
267,171.0
268,174.0
269,170.0
270,172.0
271,164.0
272,138.0
273,126.0
274,121.0
275,130.0
276,134.0
277,146.0
278,164.0
279,172.0
280,182.0
281,187.0
282,179.0
283,168.0
284,162.0
285,135.0
286,118.0
287,107.0
288,118.0
289,127.0
290,138.0
291,153.0
292,157.0
293,165.0
294,176.0
295,176.0
296,171.0
297,157.0
298,131.0
299,126.0
300,117.0
301,124.0
302,140.0
303,148.0
304,158.0
305,158.0
306,168.0
307,178.0
308,180.0
309,180.0
310,161.0
311,135.0
312,120.0
313,117.0
314,129.0
315,138.0
316,139.0
317,148.0
318,152.0
319,155.0
320,159.0
321,158.0
322,159.0
323,149.0
324,122.0
325,111.0
326,103.0
327,112.0
328,121.0
329,130.0
330,145.0
331,151.0
332,162.0
333,174.0
334,165.0
335,162.0
336,153.0
337,133.0
338,120.0
339,113.0
340,117.0
341,130.0
342,140.0
343,154.0
344,163.0
345,165.0
346,173.0
347,173.0
348,169.0
349,156.0
350,128.0
351,110.0
352,99.0
353,103.0
354,112.0
355,119.0
356,133.0
357,136.0
358,144.0
359,158.0
360,156.0
361,158.0
362,145.0
363,124.0
364,111.0
365,102.0
366,104.0
367,111.0
368,118.0
369,128.0
370,136.0
371,144.0
372,159.0
373,157.0
374,151.0
375,140.0
376,117.0
377,99.0
378,90.0
379,88.0
380,94.0
381,106.0
382,123.0
383,131.0
384,132.0
385,145.0
386,143.0
387,145.0
388,139.0
389,119.0
390,96.0
391,81.0
392,81.0
393,97.0
394,108.0
395,123.0
396,142.0
397,144.0
398,161.0
399,158.0
400,150.0
401,142.0
402,131.0
403,108.0
404,95.0
405,91.0
406,99.0
407,113.0
408,126.0
409,144.0
410,153.0
411,164.0
412,174.0
413,173.0
414,171.0
415,161.0
416,132.0
417,119.0
418,108.0
419,113.0
420,118.0
421,125.0
422,133.0
423,137.0
424,153.0
425,165.0
426,172.0
427,169.0
428,160.0
429,136.0
430,123.0
431,119.0
432,123.0
433,131.0
434,139.0
435,147.0
436,152.0
437,165.0
438,172.0
439,170.0
440,171.0
441,159.0
442,140.0
443,126.0
444,117.0
445,127.0
446,138.0
447,153.0
448,166.0
449,167.0
450,167.0
451,172.0
452,170.0
453,171.0
454,163.0
455,135.0
456,120.0
457,112.0
458,118.0
459,132.0
460,141.0
461,158.0
462,163.0
463,165.0
464,169.0
465,171.0
466,175.0
467,165.0
468,141.0
469,130.0
470,121.0
471,122.0
472,135.0
473,144.0
474,159.0
475,166.0
476,177.0
477,190.0
478,192.0
479,189.0
480,175.0
481,148.0
482,134.0
483,124.0
484,126.0
485,130.0
486,139.0
487,154.0
488,163.0
489,170.0
490,179.0
491,173.0
492,169.0
493,161.0
494,138.0
495,124.0
496,111.0
497,118.0
498,132.0
499,140.0
500,156.0
501,164.0
502,174.0
503,181.0
504,178.0
505,175.0
506,161.0
507,137.0
508,128.0
509,128.0
510,135.0
511,142.0
512,144.0
513,157.0
514,159.0
515,162.0
516,173.0
517,171.0
518,171.0
519,162.0
520,143.0
521,129.0
522,116.0
523,112.0
524,125.0
525,137.0
526,152.0
527,163.0
528,167.0
529,179.0
530,183.0
531,180.0
532,172.0
533,149.0
534,132.0
535,125.0
536,122.0
537,136.0
538,146.0
539,153.0
540,165.0
541,166.0
542,181.0
543,184.0
544,189.0
545,175.0
546,146.0
547,127.0
548,116.0
549,116.0
550,124.0
551,132.0
552,142.0
553,150.0
554,153.0
555,167.0
556,173.0
557,178.0
558,173.0
559,159.0
560,139.0
561,125.0
562,120.0
563,131.0
564,136.0
565,155.0
566,169.0
567,170.0
568,179.0
569,177.0
570,175.0
571,170.0
572,155.0
573,130.0
574,118.0
575,118.0
576,131.0
577,140.0
578,154.0
579,166.0
580,165.0
581,178.0
582,185.0
583,179.0
584,165.0
585,148.0
586,128.0
587,119.0
588,113.0
589,125.0
590,138.0
591,156.0
592,166.0
593,164.0
594,172.0
595,173.0
596,177.0
597,176.0
598,157.0
599,135.0
600,126.0
601,125.0
602,132.0
603,137.0
604,155.0
605,168.0
606,167.0
607,180.0
608,181.0
609,174.0
610,168.0
611,152.0
612,128.0
613,116.0
614,110.0
615,116.0
616,127.0
617,140.0
618,159.0
619,163.0
620,180.0
621,179.0
622,176.0
623,168.0
624,154.0
625,135.0
626,124.0
627,120.0
628,130.0
629,141.0
630,155.0
631,167.0
632,165.0
633,174.0
634,175.0
635,174.0
636,166.0
637,152.0
638,138.0
639,124.0
640,117.0
641,130.0
642,140.0
643,145.0
644,158.0
645,162.0
646,168.0
647,170.0
648,167.0
649,160.0
650,145.0
651,118.0
652,103.0
653,96.0
654,109.0
655,127.0
656,145.0
657,160.0
658,162.0
659,171.0
660,177.0
661,173.0
662,172.0
663,161.0
664,136.0
665,129.0
666,123.0
667,129.0
668,140.0
669,148.0
670,159.0
671,152.0
672,159.0
673,166.0
674,166.0
675,164.0
676,157.0
677,132.0
678,112.0
679,108.0
680,120.0
681,132.0
682,140.0
683,153.0
684,157.0
685,168.0
686,175.0
687,177.0
688,176.0
689,163.0
690,142.0
691,135.0
692,131.0
693,138.0
694,144.0
695,144.0
696,161.0
697,165.0
698,171.0
699,184.0
700,177.0
701,178.0
702,169.0
703,145.0
704,127.0
705,115.0
706,120.0
707,130.0
708,139.0
709,156.0
710,160.0
711,167.0
712,175.0
713,178.0
714,183.0
715,176.0
716,149.0
717,132.0
718,117.0
719,120.0
720,134.0
721,150.0
722,160.0
723,168.0
724,174.0
725,183.0
726,185.0
727,190.0
728,179.0
729,150.0
730,134.0
731,124.0
732,123.0
733,126.0
734,128.0
735,142.0
736,146.0
737,144.0
738,146.0
739,144.0
740,135.0
741,116.0
742,87.0
743,71.0
744,61.0
745,52.0
746,59.0
747,69.0
748,86.0
749,104.0
750,105.0
751,120.0
752,128.0
753,133.0
754,131.0
755,121.0
756,104.0
757,100.0
758,111.0
759,130.0
760,153.0
761,171.0
762,192.0
763,192.0
764,206.0
765,210.0
766,209.0
767,207.0
768,188.0
769,159.0
770,144.0
771,141.0
772,150.0
773,152.0
774,161.0
775,170.0
776,173.0
777,184.0
778,187.0
779,186.0
780,180.0
781,156.0
782,127.0
783,115.0
784,112.0
785,122.0
786,133.0
787,148.0
788,163.0
789,161.0
790,168.0
791,172.0
792,172.0
793,166.0
794,153.0
795,136.0
796,122.0
797,121.0
798,133.0
799,142.0
800,156.0
801,171.0
802,172.0
803,179.0
804,181.0
805,177.0
806,175.0
807,160.0
808,131.0
809,113.0
810,103.0
811,115.0
812,127.0
813,135.0
814,147.0
815,154.0
816,168.0
817,174.0
818,170.0
819,166.0
820,151.0
821,126.0
822,110.0
823,110.0
824,123.0
825,135.0
826,152.0
827,165.0
828,168.0
829,169.0
830,177.0
831,176.0
832,171.0
833,152.0
834,123.0
835,110.0
836,103.0
837,116.0
838,125.0
839,132.0
840,153.0
841,160.0
842,172.0
843,177.0
844,178.0
845,177.0
846,162.0
847,128.0
848,113.0
849,106.0
850,113.0
851,119.0
852,132.0
853,144.0
854,148.0
855,154.0
856,168.0
857,170.0
858,168.0
859,154.0
860,131.0
861,122.0
862,116.0
863,121.0
864,125.0
865,130.0
866,144.0
867,144.0
868,152.0
869,165.0
870,166.0
871,162.0
872,155.0
873,127.0
874,106.0
875,92.0
876,96.0
877,106.0
878,116.0
879,129.0
880,139.0
881,149.0
882,157.0
883,159.0
884,160.0
885,152.0
886,125.0
887,110.0
888,97.0
889,98.0
890,104.0
891,114.0
892,126.0
893,131.0
894,134.0
895,147.0
896,150.0
897,151.0
898,139.0
899,117.0
900,98.0
901,88.0
902,90.0
903,104.0
904,113.0
905,126.0
906,139.0
907,140.0
908,145.0
909,143.0
910,143.0
911,132.0
912,110.0
913,86.0
914,88.0
915,86.0
916,97.0
917,109.0
918,130.0
919,148.0
920,146.0
921,155.0
922,160.0
923,155.0
924,149.0
925,133.0
926,115.0
927,102.0
928,91.0
929,99.0
930,108.0
931,127.0
932,145.0
933,147.0
934,159.0
935,168.0
936,168.0
937,166.0
938,152.0
939,130.0
940,112.0
941,107.0
942,120.0
943,128.0
944,139.0
945,153.0
946,153.0
947,161.0
948,171.0
949,174.0
950,168.0
951,154.0
952,127.0
953,118.0
954,114.0
955,123.0
956,134.0
957,146.0
958,163.0
959,162.0
960,160.0
961,165.0
962,166.0
963,167.0
964,157.0
965,137.0
966,123.0
967,116.0
968,130.0
969,140.0
970,149.0
971,163.0
972,168.0
973,173.0
974,173.0
975,168.0
976,165.0
977,149.0
978,128.0
979,115.0
980,111.0
981,118.0
982,126.0
983,138.0
984,158.0
985,165.0
986,171.0
987,183.0
988,181.0
989,178.0
990,161.0
991,138.0
992,130.0
993,128.0
994,137.0
995,149.0
996,158.0
997,171.0
998,167.0
999,174.0
1000,188.0
1001,182.0
1002,176.0
1003,169.0
1004,141.0
1005,124.0
1006,114.0
1007,116.0
1008,126.0
1009,135.0
1010,152.0
1011,157.0
1012,163.0
1013,180.0
1014,183.0
1015,183.0
1016,168.0
1017,142.0
1018,127.0
1019,119.0
1020,126.0
1021,132.0
1022,137.0
1023,152.0
1024,159.0
1025,165.0
1026,172.0
1027,172.0
1028,168.0
1029,159.0
1030,136.0
1031,114.0
1032,110.0
1033,119.0
1034,133.0
1035,145.0
1036,162.0
1037,167.0
1038,171.0
1039,179.0
1040,181.0
1041,183.0
1042,171.0
1043,143.0
1044,128.0
1045,122.0
1046,127.0
1047,134.0
1048,139.0
1049,159.0
1050,163.0
1051,161.0
1052,171.0
1053,176.0
1054,178.0
1055,168.0
1056,142.0
1057,121.0
1058,116.0
1059,115.0
1060,124.0
1061,139.0
1062,156.0
1063,161.0
1064,162.0
1065,172.0
1066,175.0
1067,182.0
1068,173.0
1069,151.0
1070,133.0
1071,123.0
1072,127.0
1073,133.0
1074,141.0
1075,155.0
1076,164.0
1077,173.0
1078,176.0
1079,175.0
1080,174.0
1081,163.0
1082,143.0
1083,123.0
1084,109.0
1085,110.0
1086,121.0
1087,132.0
1088,150.0
1089,166.0
1090,170.0
1091,179.0
1092,181.0
1093,183.0
1094,177.0
1095,154.0
1096,135.0
1097,120.0
1098,124.0
1099,128.0
1100,130.0
1101,148.0
1102,164.0
1103,166.0
1104,181.0
1105,185.0
1106,182.0
1107,169.0
1108,147.0
1109,130.0
1110,123.0
1111,114.0
1112,128.0
1113,134.0
1114,146.0
1115,159.0
1116,161.0
1117,171.0
1118,171.0
1119,174.0
1120,168.0
1121,149.0
1122,130.0
1123,120.0
1124,120.0
1125,133.0
1126,143.0
1127,161.0
1128,175.0
1129,173.0
1130,182.0
1131,182.0
1132,180.0
1133,175.0
1134,153.0
1135,124.0
1136,114.0
1137,115.0
1138,134.0
1139,142.0
1140,149.0
1141,163.0
1142,164.0
1143,179.0
1144,184.0
1145,185.0
1146,182.0
1147,164.0
1148,139.0
1149,121.0
1150,108.0
1151,110.0
1152,122.0
1153,140.0
1154,159.0
1155,165.0
1156,173.0
1157,176.0
1158,171.0
1159,165.0
1160,147.0
1161,126.0
1162,118.0
1163,112.0
1164,122.0
1165,131.0
1166,140.0
1167,157.0
1168,163.0
1169,172.0
1170,175.0
1171,172.0
1172,165.0
1173,153.0
1174,127.0
1175,112.0
1176,112.0
1177,127.0
1178,136.0
1179,150.0
1180,161.0
1181,167.0
1182,178.0
1183,180.0
1184,170.0
1185,166.0
1186,154.0
1187,126.0
1188,114.0
1189,106.0
1190,117.0
1191,126.0
1192,141.0
1193,161.0
1194,165.0
1195,176.0
1196,174.0
1197,170.0
1198,166.0
1199,158.0
1200,136.0
1201,119.0
1202,108.0
1203,121.0
1204,135.0
1205,147.0
1206,165.0
1207,174.0
1208,189.0
1209,189.0
1210,186.0
1211,177.0
1212,165.0
1213,140.0
1214,130.0
1215,116.0
1216,122.0
1217,125.0
1218,137.0
1219,161.0
1220,168.0
1221,182.0
1222,189.0
1223,185.0
1224,177.0
1225,167.0
1226,137.0
1227,119.0
1228,110.0
1229,116.0
1230,128.0
1231,142.0
1232,161.0
1233,164.0
1234,173.0
1235,184.0
1236,184.0
1237,182.0
1238,171.0
1239,142.0
1240,121.0
1241,110.0
1242,117.0
1243,132.0
1244,143.0
1245,159.0
1246,164.0
1247,173.0
1248,186.0
1249,188.0
1250,195.0
1251,179.0
1252,146.0
1253,125.0
1254,108.0
1255,115.0
1256,124.0
1257,127.0
1258,144.0
1259,158.0
1260,162.0
1261,162.0
1262,150.0
1263,143.0
1264,126.0
1265,90.0
1266,67.0
1267,58.0
1268,61.0
1269,69.0
1270,80.0
1271,99.0
1272,113.0
1273,115.0
1274,128.0
1275,134.0
1276,134.0
1277,135.0
1278,119.0
1279,99.0
1280,96.0
1281,105.0
1282,128.0
1283,145.0
1284,171.0
1285,192.0
1286,200.0
1287,211.0
1288,216.0
1289,215.0
1290,206.0
1291,182.0
1292,156.0
1293,139.0
1294,132.0
1295,142.0
1296,145.0
1297,158.0
1298,175.0
1299,178.0
1300,181.0
1301,179.0
1302,180.0
1303,179.0
1304,161.0
1305,136.0
1306,123.0
1307,118.0
1308,124.0
1309,136.0
1310,148.0
1311,167.0
1312,170.0
1313,179.0
1314,178.0
1315,178.0
1316,172.0
1317,155.0
1318,126.0
1319,110.0
1320,110.0
1321,122.0
1322,136.0
1323,148.0
1324,160.0
1325,162.0
1326,175.0
1327,177.0
1328,173.0
1329,171.0
1330,161.0
1331,142.0
1332,131.0
1333,125.0
1334,129.0
1335,140.0
1336,151.0
1337,160.0
1338,159.0
1339,164.0
1340,171.0
1341,176.0
1342,172.0
1343,160.0
1344,138.0
1345,120.0
1346,108.0
1347,112.0
1348,123.0
1349,138.0
1350,158.0
1351,164.0
1352,177.0
1353,178.0
1354,176.0
1355,174.0
1356,159.0
1357,135.0
1358,118.0
1359,108.0
1360,119.0
1361,128.0
1362,140.0
1363,153.0
1364,153.0
1365,158.0
1366,154.0
1367,156.0
1368,159.0
1369,145.0
1370,118.0
1371,104.0
1372,101.0
1373,115.0
1374,128.0
1375,140.0
1376,159.0
1377,165.0
1378,167.0
1379,172.0
1380,168.0
1381,164.0
1382,152.0
1383,129.0
1384,112.0
1385,103.0
1386,106.0
1387,118.0
1388,133.0
1389,152.0
1390,155.0
1391,160.0
1392,167.0
1393,167.0
1394,165.0
1395,157.0
1396,130.0
1397,112.0
1398,105.0
1399,108.0
1400,111.0
1401,123.0
1402,143.0
1403,147.0
1404,150.0
1405,150.0
1406,143.0
1407,149.0
1408,139.0
1409,113.0
1410,95.0
1411,88.0
1412,96.0
1413,109.0
1414,119.0
1415,138.0
1416,144.0
1417,151.0
1418,158.0
1419,148.0
1420,149.0
1421,140.0
1422,115.0
1423,94.0
1424,83.0
1425,86.0
1426,101.0
1427,108.0
1428,121.0
1429,131.0
1430,136.0
1431,146.0
1432,147.0
1433,150.0
1434,134.0
1435,113.0
1436,96.0
1437,89.0
1438,79.0
1439,88.0
1440,106.0
1441,122.0
1442,137.0
1443,141.0
1444,157.0
1445,158.0
1446,163.0
1447,156.0
1448,135.0
1449,116.0
1450,106.0
1451,101.0
1452,111.0
1453,120.0
1454,132.0
1455,143.0
1456,152.0
1457,162.0
1458,163.0
1459,166.0
1460,165.0
1461,145.0
1462,121.0
1463,112.0
1464,111.0
1465,122.0
1466,131.0
1467,139.0
1468,152.0
1469,153.0
1470,166.0
1471,174.0
1472,175.0
1473,171.0
1474,152.0
1475,128.0
1476,115.0
1477,107.0
1478,114.0
1479,120.0
1480,141.0
1481,160.0
1482,168.0
1483,181.0
1484,186.0
1485,185.0
1486,171.0
1487,150.0
1488,126.0
1489,114.0
1490,111.0
1491,119.0
1492,128.0
1493,143.0
1494,162.0
1495,166.0
1496,174.0
1497,175.0
1498,177.0
1499,174.0
1500,160.0
1501,134.0
1502,122.0
1503,110.0
1504,118.0
1505,130.0
1506,143.0
1507,163.0
1508,166.0
1509,173.0
1510,175.0
1511,171.0
1512,172.0
1513,159.0
1514,136.0
1515,123.0
1516,119.0
1517,132.0
1518,140.0
1519,148.0
1520,167.0
1521,178.0
1522,186.0
1523,186.0
1524,182.0
1525,179.0
1526,169.0
1527,144.0
1528,131.0
1529,125.0
1530,133.0
1531,141.0
1532,141.0
1533,154.0
1534,156.0
1535,162.0
1536,169.0
1537,171.0
1538,169.0
1539,162.0
1540,137.0
1541,120.0
1542,111.0
1543,121.0
1544,133.0
1545,139.0
1546,160.0
1547,167.0
1548,176.0
1549,182.0
1550,179.0
1551,174.0
1552,164.0
1553,143.0
1554,130.0
1555,116.0
1556,118.0
1557,131.0
1558,143.0
1559,161.0
1560,159.0
1561,164.0
1562,174.0
1563,174.0
1564,177.0
1565,163.0
1566,138.0
1567,121.0
1568,109.0
1569,119.0
1570,133.0
1571,147.0
1572,161.0
1573,166.0
1574,172.0
1575,186.0
1576,184.0
1577,179.0
1578,165.0
1579,139.0
1580,120.0
1581,111.0
1582,115.0
1583,129.0
1584,143.0
1585,163.0
1586,173.0
1587,176.0
1588,181.0
1589,172.0
1590,170.0
1591,162.0
1592,136.0
1593,124.0
1594,115.0
1595,122.0
1596,131.0
1597,144.0
1598,164.0
1599,168.0
1600,167.0
1601,173.0
1602,175.0
1603,174.0
1604,166.0
1605,144.0
1606,126.0
1607,113.0
1608,112.0
1609,123.0
1610,139.0
1611,157.0
1612,163.0
1613,169.0
1614,175.0
1615,176.0
1616,176.0
1617,172.0
1618,148.0
1619,129.0
1620,122.0
1621,127.0
1622,137.0
1623,146.0
1624,155.0
1625,161.0
1626,168.0
1627,174.0
1628,171.0
1629,170.0
1630,162.0
1631,140.0
1632,116.0
1633,103.0
1634,111.0
1635,128.0
1636,139.0
1637,158.0
1638,169.0
1639,179.0
1640,186.0
1641,185.0
1642,181.0
1643,170.0
1644,148.0
1645,128.0
1646,115.0
1647,119.0
1648,126.0
1649,130.0
1650,147.0
1651,161.0
1652,164.0
1653,174.0
1654,178.0
1655,182.0
1656,176.0
1657,154.0
1658,128.0
1659,113.0
1660,112.0
1661,125.0
1662,133.0
1663,152.0
1664,166.0
1665,167.0
1666,179.0
1667,183.0
1668,184.0
1669,180.0
1670,159.0
1671,141.0
1672,127.0
1673,124.0
1674,128.0
1675,135.0
1676,147.0
1677,161.0
1678,164.0
1679,174.0
1680,171.0
1681,169.0
1682,163.0
1683,141.0
1684,123.0
1685,113.0
1686,110.0
1687,120.0
1688,131.0
1689,142.0
1690,154.0
1691,161.0
1692,170.0
1693,173.0
1694,175.0
1695,166.0
1696,145.0
1697,126.0
1698,117.0
1699,111.0
1700,125.0
1701,139.0
1702,154.0
1703,166.0
1704,164.0
1705,174.0
1706,173.0
1707,168.0
1708,161.0
1709,144.0
1710,124.0
1711,111.0
1712,107.0
1713,119.0
1714,128.0
1715,143.0
1716,159.0
1717,159.0
1718,170.0
1719,172.0
1720,172.0
1721,169.0
1722,153.0
1723,127.0
1724,113.0
1725,113.0
1726,125.0
1727,132.0
1728,144.0
1729,165.0
1730,169.0
1731,178.0
1732,185.0
1733,181.0
1734,178.0
1735,166.0
1736,143.0
1737,124.0
1738,111.0
1739,117.0
1740,132.0
1741,153.0
1742,169.0
1743,170.0
1744,171.0
1745,174.0
1746,173.0
1747,166.0
1748,153.0
1749,132.0
1750,123.0
1751,114.0
1752,126.0
1753,137.0
1754,149.0
1755,167.0
1756,170.0
1757,177.0
1758,180.0
1759,180.0
1760,176.0
1761,162.0
1762,133.0
1763,118.0
1764,116.0
1765,123.0
1766,139.0
1767,146.0
1768,155.0
1769,160.0
1770,171.0
1771,174.0
1772,175.0
1773,174.0
1774,164.0
1775,140.0
1776,136.0
1777,128.0
1778,136.0
1779,144.0
1780,150.0
1781,164.0
1782,159.0
1783,164.0
1784,166.0
1785,157.0
1786,145.0
1787,125.0
1788,92.0
1789,74.0
1790,65.0
1791,70.0
1792,74.0
1793,79.0
1794,90.0
1795,98.0
1796,106.0
1797,123.0
1798,132.0
1799,139.0
1800,136.0
1801,117.0
1802,96.0
1803,89.0
1804,92.0
1805,109.0
1806,129.0
1807,153.0
1808,168.0
1809,176.0
1810,203.0
1811,208.0
1812,206.0
1813,201.0
1814,172.0
1815,147.0
1816,139.0
1817,139.0
1818,150.0
1819,157.0
1820,172.0
1821,178.0
1822,182.0
1823,189.0
1824,188.0
1825,184.0
1826,178.0
1827,161.0
1828,135.0
1829,120.0
1830,116.0
1831,129.0
1832,136.0
1833,151.0
1834,162.0
1835,159.0
1836,162.0
1837,161.0
1838,162.0
1839,154.0
1840,147.0
1841,128.0
1842,116.0
1843,114.0
1844,124.0
1845,136.0
1846,154.0
1847,168.0
1848,171.0
1849,183.0
1850,182.0
1851,179.0
1852,174.0
1853,161.0
1854,140.0
1855,120.0
1856,114.0
1857,125.0
1858,136.0
1859,147.0
1860,162.0
1861,163.0
1862,177.0
1863,177.0
1864,176.0
1865,169.0
1866,154.0
1867,129.0
1868,108.0
1869,101.0
1870,114.0
1871,124.0
1872,144.0
1873,155.0
1874,160.0
1875,170.0
1876,175.0
1877,171.0
1878,162.0
1879,145.0
1880,118.0
1881,110.0
1882,106.0
1883,116.0
1884,126.0
1885,142.0
1886,162.0
1887,166.0
1888,172.0
1889,176.0
1890,176.0
1891,172.0
1892,160.0
1893,134.0
1894,117.0
1895,109.0
1896,116.0
1897,120.0
1898,125.0
1899,138.0
1900,136.0
1901,147.0
1902,156.0
1903,163.0
1904,162.0
1905,149.0
1906,120.0
1907,105.0
1908,92.0
1909,101.0
1910,116.0
1911,133.0
1912,156.0
1913,161.0
1914,165.0
1915,167.0
1916,167.0
1917,165.0
1918,152.0
1919,126.0
1920,112.0
1921,102.0
1922,109.0
1923,115.0
1924,125.0
1925,140.0
1926,138.0
1927,145.0
1928,154.0
1929,145.0
1930,141.0
1931,132.0
1932,113.0
1933,103.0
1934,94.0
1935,100.0
1936,110.0
1937,120.0
1938,136.0
1939,139.0
1940,143.0
1941,146.0
1942,149.0
1943,148.0
1944,139.0
1945,117.0
1946,101.0
1947,88.0
1948,91.0
1949,104.0
1950,112.0
1951,127.0
1952,133.0
1953,142.0
1954,151.0
1955,152.0
1956,151.0
1957,134.0
1958,111.0
1959,89.0
1960,78.0
1961,81.0
1962,92.0
1963,104.0
1964,122.0
1965,137.0
1966,145.0
1967,151.0
1968,148.0
1969,142.0
1970,132.0
1971,114.0
1972,100.0
1973,91.0
1974,96.0
1975,109.0
1976,116.0
1977,133.0
1978,148.0
1979,153.0
1980,167.0
1981,162.0
1982,157.0
1983,157.0
1984,147.0
1985,123.0
1986,104.0
1987,103.0
1988,118.0
1989,132.0
1990,144.0
1991,151.0
1992,152.0
1993,166.0
1994,168.0
1995,164.0
1996,158.0
1997,137.0
1998,118.0
1999,112.0
2000,113.0
2001,128.0
2002,140.0
2003,152.0
2004,164.0
2005,165.0
2006,172.0
2007,171.0
2008,170.0
2009,166.0
2010,152.0
2011,131.0
2012,119.0
2013,113.0
2014,121.0
2015,132.0
2016,147.0
2017,165.0
2018,163.0
2019,175.0
2020,180.0
2021,178.0
2022,173.0
2023,160.0
2024,132.0
2025,120.0
2026,113.0
2027,116.0
2028,127.0
2029,142.0
2030,157.0
2031,155.0
2032,163.0
2033,170.0
2034,172.0
2035,169.0
2036,156.0
2037,131.0
2038,118.0
2039,113.0
2040,125.0
2041,135.0
2042,148.0
2043,166.0
2044,169.0
2045,179.0
2046,179.0
2047,173.0
2048,172.0
2049,159.0
2050,139.0
2051,133.0
2052,122.0
2053,117.0
2054,121.0
2055,137.0
2056,153.0
2057,158.0
2058,165.0
2059,175.0
2060,175.0
2061,173.0
2062,167.0
2063,144.0
2064,127.0
2065,119.0
2066,124.0
2067,131.0
2068,144.0
2069,162.0
2070,166.0
2071,171.0
2072,170.0
2073,170.0
2074,171.0
2075,161.0
2076,131.0
2077,115.0
2078,110.0
2079,124.0
2080,130.0
2081,141.0
2082,157.0
2083,158.0
2084,165.0
2085,168.0
2086,170.0
2087,171.0
2088,158.0
2089,130.0
2090,115.0
2091,111.0
2092,120.0
2093,135.0
2094,152.0
2095,172.0
2096,173.0
2097,185.0
2098,185.0
2099,184.0
2100,177.0
2101,158.0
2102,133.0
2103,116.0
2104,111.0
2105,117.0
2106,122.0
2107,135.0
2108,156.0
2109,160.0
2110,166.0
2111,169.0
2112,169.0
2113,172.0
2114,162.0
2115,137.0
2116,121.0
2117,111.0
2118,117.0
2119,127.0
2120,140.0
2121,160.0
2122,164.0
2123,171.0
2124,178.0
2125,176.0
2126,165.0
2127,153.0
2128,129.0
2129,114.0
2130,104.0
2131,115.0
2132,130.0
2133,140.0
2134,158.0
2135,162.0
2136,169.0
2137,177.0
2138,176.0
2139,177.0
2140,167.0
2141,143.0
2142,128.0
2143,117.0
2144,116.0
2145,125.0
2146,133.0
2147,154.0
2148,162.0
2149,164.0
2150,173.0
2151,172.0
2152,177.0
2153,168.0
2154,145.0
2155,125.0
2156,114.0
2157,123.0
2158,137.0
2159,149.0
2160,162.0
2161,169.0
2162,168.0
2163,167.0
2164,165.0
2165,168.0
2166,159.0
2167,139.0
2168,122.0
2169,113.0
2170,118.0
2171,132.0
2172,141.0
2173,155.0
2174,160.0
2175,163.0
2176,173.0
2177,172.0
2178,173.0
2179,165.0
2180,144.0
2181,124.0
2182,112.0
2183,113.0
2184,125.0
2185,138.0
2186,154.0
2187,163.0
2188,168.0
2189,178.0
2190,179.0
2191,180.0
2192,170.0
2193,150.0
2194,133.0
2195,122.0
2196,121.0
2197,128.0
2198,137.0
2199,153.0
2200,163.0
2201,160.0
2202,168.0
2203,167.0
2204,172.0
2205,165.0
2206,145.0
2207,131.0
2208,120.0
2209,116.0
2210,119.0
2211,127.0
2212,144.0
2213,160.0
2214,162.0
2215,173.0
2216,179.0
2217,179.0
2218,172.0
2219,146.0
2220,126.0
2221,108.0
2222,108.0
2223,124.0
2224,135.0
2225,146.0
2226,158.0
2227,158.0
2228,164.0
2229,167.0
2230,168.0
2231,161.0
2232,142.0
2233,127.0
2234,113.0
2235,111.0
2236,117.0
2237,127.0
2238,139.0
2239,152.0
2240,157.0
2241,172.0
2242,173.0
2243,168.0
2244,161.0
2245,145.0
2246,121.0
2247,108.0
2248,111.0
2249,124.0
2250,138.0
2251,154.0
2252,164.0
2253,164.0
2254,174.0
2255,167.0
2256,162.0
2257,154.0
2258,139.0
2259,117.0
2260,110.0
2261,107.0
2262,112.0
2263,122.0
2264,139.0
2265,157.0
2266,165.0
2267,175.0
2268,175.0
2269,179.0
2270,173.0
2271,160.0
2272,136.0
2273,121.0
2274,118.0
2275,129.0
2276,137.0
2277,150.0
2278,169.0
2279,167.0
2280,171.0
2281,168.0
2282,170.0
2283,167.0
2284,153.0
2285,127.0
2286,113.0
2287,111.0
2288,124.0
2289,136.0
2290,149.0
2291,165.0
2292,164.0
2293,176.0
2294,180.0
2295,181.0
2296,174.0
2297,157.0
2298,132.0
2299,120.0
2300,114.0
2301,122.0
2302,133.0
2303,144.0
2304,159.0
2305,161.0
2306,172.0
2307,175.0
2308,175.0
2309,177.0
2310,166.0
2311,139.0
2312,121.0
2313,114.0
2314,123.0
2315,130.0
2316,139.0
2317,152.0
2318,149.0
2319,152.0
2320,150.0
2321,142.0
2322,133.0
2323,119.0
2324,89.0
2325,70.0
2326,57.0
2327,61.0
2328,71.0
2329,80.0
2330,94.0
2331,104.0
2332,114.0
2333,126.0
2334,125.0
2335,126.0
2336,119.0
2337,101.0
2338,88.0
2339,85.0
2340,97.0
2341,115.0
2342,136.0
2343,160.0
2344,179.0
2345,190.0
2346,202.0
2347,198.0
2348,196.0
2349,189.0
2350,166.0
2351,146.0
2352,135.0
2353,139.0
2354,147.0
2355,156.0
2356,173.0
2357,179.0
2358,178.0
2359,184.0
2360,181.0
2361,180.0
2362,171.0
2363,151.0
2364,125.0
2365,111.0
2366,112.0
2367,121.0
2368,130.0
2369,146.0
2370,159.0
2371,160.0
2372,177.0
2373,181.0
2374,180.0
2375,173.0
2376,148.0
2377,127.0
2378,112.0
2379,105.0
2380,109.0
2381,116.0
2382,132.0
2383,157.0
2384,166.0
2385,181.0
2386,183.0
2387,179.0
2388,167.0
2389,148.0
2390,127.0
2391,113.0
2392,113.0
2393,124.0
2394,137.0
2395,153.0
2396,166.0
2397,160.0
2398,167.0
2399,164.0
2400,162.0
2401,155.0
2402,142.0
2403,120.0
2404,103.0
2405,99.0
2406,118.0
2407,133.0
2408,145.0
2409,157.0
2410,162.0
2411,172.0
2412,176.0
2413,173.0
2414,166.0
2415,144.0
2416,114.0
2417,103.0
2418,104.0
2419,113.0
2420,119.0
2421,134.0
2422,155.0
2423,158.0
2424,164.0
2425,163.0
2426,161.0
2427,163.0
2428,149.0
2429,118.0
2430,99.0
2431,94.0
2432,106.0
2433,123.0
2434,138.0
2435,156.0
2436,159.0
2437,162.0
2438,166.0
2439,167.0
2440,164.0
2441,153.0
2442,122.0
2443,100.0
2444,89.0
2445,98.0
2446,112.0
2447,124.0
2448,140.0
2449,148.0
2450,158.0
2451,159.0
2452,158.0
2453,154.0
2454,146.0
2455,123.0
2456,105.0
2457,96.0
2458,99.0
2459,109.0
2460,111.0
2461,123.0
2462,131.0
2463,135.0
2464,148.0
2465,146.0
2466,147.0
2467,140.0
2468,115.0
2469,97.0
2470,88.0
2471,95.0
2472,103.0
2473,110.0
2474,121.0
2475,130.0
2476,133.0
2477,146.0
2478,145.0
2479,144.0
2480,134.0
2481,116.0
2482,101.0
2483,93.0
2484,95.0
2485,103.0
2486,106.0
2487,116.0
2488,127.0
2489,134.0
2490,148.0
2491,143.0
2492,138.0
2493,127.0
2494,111.0
2495,94.0
2496,83.0
2497,82.0
2498,92.0
2499,98.0
2500,112.0
2501,125.0
2502,133.0
2503,145.0
2504,143.0
2505,144.0
2506,141.0
2507,130.0
2508,113.0
2509,97.0
2510,95.0
2511,104.0
2512,117.0
2513,133.0
2514,144.0
2515,139.0
2516,141.0
2517,143.0
2518,145.0
2519,142.0
2520,124.0
2521,100.0
2522,91.0
2523,88.0
2524,97.0
2525,113.0
2526,129.0
2527,149.0
2528,157.0
2529,168.0
2530,178.0
2531,176.0
2532,168.0
2533,152.0
2534,128.0
2535,113.0
2536,106.0
2537,114.0
2538,124.0
2539,130.0
2540,144.0
2541,145.0
2542,157.0
2543,166.0
2544,165.0
2545,155.0
2546,147.0
2547,123.0
2548,109.0
2549,103.0
2550,117.0
2551,132.0
2552,141.0
2553,156.0
2554,161.0
2555,167.0
2556,174.0
2557,175.0
2558,170.0
2559,155.0
2560,132.0
2561,118.0
2562,113.0
2563,115.0
2564,124.0
2565,134.0
2566,153.0
2567,160.0
2568,163.0
2569,175.0
2570,183.0
2571,178.0
2572,168.0
2573,144.0
2574,123.0
2575,110.0
2576,110.0
2577,119.0
2578,129.0
2579,149.0
2580,160.0
2581,165.0
2582,169.0
2583,163.0
2584,164.0
2585,148.0
2586,123.0
2587,108.0
2588,105.0
2589,115.0
2590,130.0
2591,140.0
2592,157.0
2593,166.0
2594,171.0
2595,173.0
2596,168.0
2597,171.0
2598,165.0
2599,140.0
2600,121.0
2601,108.0
2602,107.0
2603,118.0
2604,126.0
2605,140.0
2606,155.0
2607,165.0
2608,172.0
2609,170.0
2610,173.0
2611,164.0
2612,140.0
2613,120.0
2614,109.0
2615,104.0
2616,110.0
2617,124.0
2618,139.0
2619,150.0
2620,153.0
2621,163.0
2622,166.0
2623,171.0
2624,164.0
2625,142.0
2626,127.0
2627,123.0
2628,119.0
2629,127.0
2630,131.0
2631,148.0
2632,158.0
2633,164.0
2634,174.0
2635,170.0
2636,162.0
2637,157.0
2638,143.0
2639,123.0
2640,111.0
2641,113.0
2642,125.0
2643,136.0
2644,155.0
2645,164.0
2646,160.0
2647,171.0
2648,171.0
2649,169.0
2650,160.0
2651,138.0
2652,116.0
2653,106.0
2654,111.0
2655,122.0
2656,129.0
2657,140.0
2658,150.0
2659,152.0
2660,162.0
2661,163.0
2662,162.0
2663,157.0
2664,135.0
2665,115.0
2666,111.0
2667,110.0
2668,124.0
2669,135.0
2670,148.0
2671,162.0
2672,161.0
2673,171.0
2674,172.0
2675,168.0
2676,163.0
2677,142.0
2678,123.0
2679,115.0
2680,113.0
2681,121.0
2682,125.0
2683,138.0
2684,158.0
2685,159.0
2686,172.0
2687,175.0
2688,179.0
2689,168.0
2690,148.0
2691,121.0
2692,105.0
2693,101.0
2694,115.0
2695,122.0
2696,135.0
2697,154.0
2698,163.0
2699,173.0
2700,169.0
2701,163.0
2702,156.0
2703,138.0
2704,116.0
2705,105.0
2706,96.0
2707,110.0
2708,129.0
2709,146.0
2710,166.0
2711,171.0
2712,181.0
2713,184.0
2714,181.0
2715,172.0
2716,149.0
2717,116.0
2718,101.0
2719,95.0
2720,111.0
2721,121.0
2722,132.0
2723,151.0
2724,154.0
2725,169.0
2726,172.0
2727,172.0
2728,169.0
2729,153.0
2730,123.0
2731,105.0
2732,97.0
2733,109.0
2734,122.0
2735,135.0
2736,150.0
2737,156.0
2738,166.0
2739,173.0
2740,174.0
2741,175.0
2742,165.0
2743,139.0
2744,123.0
2745,110.0
2746,118.0
2747,129.0
2748,129.0
2749,141.0
2750,148.0
2751,162.0
2752,169.0
2753,164.0
2754,161.0
2755,148.0
2756,122.0
2757,109.0
2758,98.0
2759,101.0
2760,115.0
2761,133.0
2762,154.0
2763,159.0
2764,160.0
2765,172.0
2766,173.0
2767,170.0
2768,156.0
2769,133.0
2770,118.0
2771,111.0
2772,117.0
2773,129.0
2774,134.0
2775,150.0
2776,157.0
2777,163.0
2778,165.0
2779,161.0
2780,159.0
2781,143.0
2782,114.0
2783,102.0
2784,96.0
2785,106.0
2786,118.0
2787,126.0
2788,141.0
2789,150.0
2790,161.0
2791,171.0
2792,166.0
2793,159.0
2794,144.0
2795,121.0
2796,104.0
2797,92.0
2798,97.0
2799,111.0
2800,124.0
2801,138.0
2802,148.0
2803,154.0
2804,167.0
2805,166.0
2806,168.0
2807,164.0
2808,142.0
2809,124.0
2810,113.0
2811,113.0
2812,126.0
2813,136.0
2814,149.0
2815,161.0
2816,157.0
2817,171.0
2818,165.0
2819,167.0
2820,159.0
2821,142.0
2822,121.0
2823,109.0
2824,110.0
2825,124.0
2826,138.0
2827,155.0
2828,168.0
2829,164.0
2830,171.0
2831,170.0
2832,168.0
2833,159.0
2834,141.0
2835,117.0
2836,101.0
2837,100.0
2838,112.0
2839,124.0
2840,140.0
2841,152.0
2842,158.0
2843,170.0
2844,173.0
2845,172.0
2846,161.0
2847,144.0
2848,130.0
2849,118.0
2850,113.0
2851,129.0
2852,140.0
2853,149.0
2854,156.0
2855,153.0
2856,167.0
2857,170.0
2858,171.0
2859,167.0
2860,150.0
2861,134.0
2862,122.0
2863,109.0
2864,112.0
2865,121.0
2866,130.0
2867,142.0
2868,144.0
2869,155.0
2870,153.0
2871,140.0
2872,124.0
2873,98.0
2874,69.0
2875,50.0
2876,36.0
2877,42.0
2878,51.0
2879,69.0
2880,92.0
2881,101.0
2882,111.0
2883,120.0
2884,123.0
2885,122.0
2886,110.0
2887,91.0
2888,80.0
2889,79.0
2890,94.0
2891,115.0
2892,129.0
2893,153.0
2894,170.0
2895,191.0
2896,206.0
2897,201.0
2898,191.0
2899,177.0
2900,150.0
2901,136.0
2902,129.0
2903,126.0
2904,139.0
2905,153.0
2906,168.0
2907,177.0
2908,184.0
2909,186.0
2910,181.0
2911,181.0
2912,165.0
2913,132.0
2914,110.0
2915,103.0
2916,108.0
2917,115.0
2918,127.0
2919,144.0
2920,152.0
2921,159.0
2922,174.0
2923,172.0
2924,173.0
2925,163.0
2926,141.0
2927,112.0
2928,96.0
2929,104.0
2930,120.0
2931,128.0
2932,143.0
2933,157.0
2934,161.0
2935,173.0
2936,167.0
2937,166.0
2938,157.0
2939,137.0
2940,120.0
2941,111.0
2942,108.0
2943,112.0
2944,117.0
2945,134.0
2946,145.0
2947,150.0
2948,159.0
2949,158.0
2950,158.0
2951,151.0
2952,139.0
2953,122.0
2954,108.0
2955,107.0
2956,118.0
2957,125.0
2958,136.0
2959,140.0
2960,142.0
2961,154.0
2962,154.0
2963,158.0
2964,154.0
2965,132.0
2966,114.0
2967,105.0
2968,111.0
2969,121.0
2970,130.0
2971,149.0
2972,160.0
2973,161.0
2974,167.0
2975,169.0
2976,171.0
2977,158.0
2978,137.0
2979,113.0
2980,97.0
2981,92.0
2982,100.0
2983,113.0
2984,125.0
2985,139.0
2986,142.0
2987,157.0
2988,164.0
2989,159.0
2990,157.0
2991,143.0
2992,118.0
2993,100.0
2994,92.0
2995,102.0
2996,111.0
2997,127.0
2998,142.0
2999,140.0
3000,145.0
3001,148.0
3002,144.0
3003,140.0
3004,127.0
3005,109.0
3006,97.0
3007,90.0
3008,102.0
3009,116.0
3010,124.0
3011,134.0
3012,133.0
3013,142.0
3014,141.0
3015,136.0
3016,131.0
3017,118.0
3018,101.0
3019,88.0
3020,83.0
3021,88.0
3022,96.0
3023,106.0
3024,124.0
3025,129.0
3026,137.0
3027,142.0
3028,138.0
3029,137.0
3030,124.0
3031,100.0
3032,84.0
3033,75.0
3034,74.0
3035,82.0
3036,91.0
3037,105.0
3038,120.0
3039,134.0
3040,152.0
3041,155.0
3042,160.0
3043,145.0
3044,120.0
3045,97.0
3046,86.0
3047,88.0
3048,92.0
3049,96.0
3050,109.0
3051,125.0
3052,132.0
3053,141.0
3054,138.0
3055,139.0
3056,133.0
3057,115.0
3058,93.0
3059,83.0
3060,79.0
3061,93.0
3062,99.0
3063,114.0
3064,131.0
3065,134.0
3066,147.0
3067,156.0
3068,154.0
3069,149.0
3070,140.0
3071,114.0
3072,101.0
3073,95.0
3074,101.0
3075,108.0
3076,125.0
3077,142.0
3078,144.0
3079,148.0
3080,153.0
3081,156.0
3082,155.0
3083,142.0
3084,117.0
3085,104.0
3086,99.0
3087,110.0
3088,120.0
3089,128.0
3090,146.0
3091,152.0
3092,159.0
3093,166.0
3094,166.0
3095,163.0
3096,150.0
3097,130.0
3098,118.0
3099,111.0
3100,116.0
3101,128.0
3102,132.0
3103,147.0
3104,155.0
3105,169.0
3106,175.0
3107,170.0
3108,165.0
3109,152.0
3110,123.0
3111,106.0
3112,101.0
3113,115.0
3114,127.0
3115,134.0
3116,150.0
3117,153.0
3118,157.0
3119,165.0
3120,162.0
3121,157.0
3122,148.0
3123,127.0
3124,112.0
3125,104.0
3126,106.0
3127,119.0
3128,132.0
3129,149.0
3130,152.0
3131,160.0
3132,168.0
3133,170.0
3134,165.0
3135,154.0
3136,133.0
3137,119.0
3138,107.0
3139,109.0
3140,125.0
3141,133.0
3142,145.0
3143,150.0
3144,152.0
3145,164.0
3146,165.0
3147,164.0
3148,155.0
3149,131.0
3150,113.0
3151,109.0
3152,114.0
3153,124.0
3154,133.0
3155,145.0
3156,156.0
3157,162.0
3158,173.0
3159,167.0
3160,165.0
3161,161.0
3162,140.0
3163,118.0
3164,104.0
3165,104.0
3166,123.0
3167,138.0
3168,151.0
3169,158.0
3170,155.0
3171,163.0
3172,164.0
3173,165.0
3174,157.0
3175,137.0
3176,117.0
3177,111.0
3178,110.0
3179,118.0
3180,119.0
3181,140.0
3182,160.0
3183,164.0
3184,171.0
3185,169.0
3186,165.0
3187,155.0
3188,133.0
3189,111.0
3190,102.0
3191,107.0
3192,114.0
3193,123.0
3194,138.0
3195,152.0
3196,156.0
3197,163.0
3198,161.0
3199,162.0
3200,157.0
3201,141.0
3202,128.0
3203,119.0
3204,118.0
3205,127.0
3206,134.0
3207,146.0
3208,159.0
3209,159.0
3210,166.0
3211,166.0
3212,168.0
3213,158.0
3214,140.0
3215,122.0
3216,103.0
3217,97.0
3218,106.0
3219,119.0
3220,137.0
3221,150.0
3222,152.0
3223,162.0
3224,160.0
3225,165.0
3226,160.0
3227,140.0
3228,117.0
3229,106.0
3230,107.0
3231,113.0
3232,128.0
3233,147.0
3234,161.0
3235,162.0
3236,176.0
3237,177.0
3238,173.0
3239,163.0
3240,147.0
3241,120.0
3242,104.0
3243,97.0
3244,115.0
3245,120.0
3246,127.0
3247,138.0
3248,143.0
3249,156.0
3250,161.0
3251,164.0
3252,161.0
3253,151.0
3254,128.0
3255,115.0
3256,107.0
3257,118.0
3258,130.0
3259,143.0
3260,155.0
3261,159.0
3262,172.0
3263,178.0
3264,170.0
3265,165.0
3266,147.0
3267,118.0
3268,105.0
3269,101.0
3270,114.0
3271,127.0
3272,141.0
3273,156.0
3274,159.0
3275,171.0
3276,170.0
3277,162.0
3278,155.0
3279,145.0
3280,122.0
3281,107.0
3282,99.0
3283,108.0
3284,124.0
3285,143.0
3286,160.0
3287,162.0
3288,170.0
3289,170.0
3290,166.0
3291,161.0
3292,148.0
3293,127.0
3294,112.0
3295,102.0
3296,113.0
3297,124.0
3298,134.0
3299,151.0
3300,157.0
3301,161.0
3302,166.0
3303,166.0
3304,166.0
3305,152.0
3306,126.0
3307,108.0
3308,105.0
3309,114.0
3310,122.0
3311,133.0
3312,152.0
3313,160.0
3314,167.0
3315,167.0
3316,168.0
3317,164.0
3318,145.0
3319,123.0
3320,113.0
3321,105.0
3322,111.0
3323,121.0
3324,135.0
3325,147.0
3326,145.0
3327,152.0
3328,164.0
3329,160.0
3330,158.0
3331,152.0
3332,134.0
3333,118.0
3334,109.0
3335,115.0
3336,122.0
3337,129.0
3338,138.0
3339,147.0
3340,158.0
3341,163.0
3342,158.0
3343,153.0
3344,143.0
3345,123.0
3346,108.0
3347,99.0
3348,105.0
3349,117.0
3350,130.0
3351,146.0
3352,150.0
3353,152.0
3354,160.0
3355,160.0
3356,161.0
3357,153.0
3358,129.0
3359,105.0
3360,96.0
3361,99.0
3362,112.0
3363,124.0
3364,144.0
3365,155.0
3366,155.0
3367,164.0
3368,164.0
3369,165.0
3370,159.0
3371,139.0
3372,122.0
3373,105.0
3374,99.0
3375,113.0
3376,132.0
3377,142.0
3378,150.0
3379,152.0
3380,158.0
3381,165.0
3382,171.0
3383,162.0
3384,138.0
3385,112.0
3386,99.0
3387,98.0
3388,112.0
3389,123.0
3390,142.0
3391,159.0
3392,161.0
3393,173.0
3394,174.0
3395,175.0
3396,170.0
3397,146.0
3398,120.0
3399,108.0
3400,111.0
3401,117.0
3402,124.0
3403,140.0
3404,153.0
3405,156.0
3406,164.0
3407,166.0
3408,167.0
3409,160.0
3410,141.0
3411,122.0
3412,112.0
3413,101.0
3414,112.0
3415,124.0
3416,141.0
3417,158.0
3418,157.0
3419,164.0
3420,170.0
3421,170.0
3422,164.0
3423,150.0
3424,130.0
3425,117.0
3426,114.0
3427,126.0
3428,137.0
3429,143.0
3430,157.0
3431,161.0
3432,171.0
3433,176.0
3434,165.0
3435,149.0
3436,124.0
3437,104.0
3438,87.0
3439,76.0
3440,77.0
3441,77.0
3442,80.0
3443,86.0
3444,84.0
3445,90.0
3446,89.0
3447,92.0
3448,100.0
3449,93.0
3450,79.0
3451,71.0
3452,64.0
3453,74.0
3454,86.0
3455,104.0
3456,127.0
3457,145.0
3458,154.0
3459,171.0
3460,183.0
3461,182.0
3462,176.0
3463,164.0
3464,145.0
3465,131.0
3466,135.0
3467,142.0
3468,148.0
3469,165.0
3470,175.0
3471,171.0
3472,182.0
3473,186.0
3474,184.0
3475,170.0
3476,150.0
3477,127.0
3478,114.0
3479,111.0
3480,128.0
3481,141.0
3482,155.0
3483,168.0
3484,168.0
3485,167.0
3486,166.0
3487,167.0
3488,157.0
3489,133.0
3490,113.0
3491,109.0
3492,106.0
3493,116.0
3494,127.0
3495,139.0
3496,148.0
3497,148.0
3498,160.0
3499,164.0
3500,167.0
3501,159.0
3502,143.0
3503,128.0
3504,114.0
3505,110.0
3506,115.0
3507,117.0
3508,128.0
3509,139.0
3510,146.0
3511,156.0
3512,159.0
3513,161.0
3514,159.0
3515,139.0
3516,115.0
3517,104.0
3518,101.0
3519,109.0
3520,118.0
3521,135.0
3522,151.0
3523,153.0
3524,165.0
3525,166.0
3526,164.0
3527,154.0
3528,137.0
3529,113.0
3530,99.0
3531,96.0
3532,111.0
3533,116.0
3534,124.0
3535,146.0
3536,150.0
3537,155.0
3538,163.0
3539,157.0
3540,152.0
3541,142.0
3542,123.0
3543,114.0
3544,106.0
3545,114.0
3546,122.0
3547,130.0
3548,139.0
3549,141.0
3550,149.0
3551,154.0
3552,155.0
3553,148.0
3554,133.0
3555,110.0
3556,101.0
3557,97.0
3558,106.0
3559,118.0
3560,128.0
3561,143.0
3562,151.0
3563,156.0
3564,162.0
3565,157.0
3566,151.0
3567,135.0
3568,105.0
3569,87.0
3570,79.0
3571,90.0
3572,101.0
3573,113.0
3574,126.0
3575,134.0
3576,143.0
3577,152.0
3578,148.0
3579,148.0
3580,139.0
3581,110.0
3582,96.0
3583,86.0
3584,83.0
3585,89.0
3586,100.0
3587,118.0
3588,125.0
3589,128.0
3590,138.0
3591,135.0
3592,136.0
3593,132.0
3594,111.0
3595,85.0
3596,75.0
3597,80.0
3598,95.0
3599,102.0
3600,108.0
3601,116.0
3602,120.0
3603,137.0
3604,145.0
3605,142.0
3606,130.0
3607,111.0
3608,95.0
3609,84.0
3610,79.0
3611,84.0
3612,91.0
3613,102.0
3614,117.0
3615,122.0
3616,129.0
3617,132.0
3618,138.0
3619,141.0
3620,125.0
3621,102.0
3622,91.0
3623,83.0
3624,88.0
3625,105.0
3626,118.0
3627,128.0
3628,130.0
3629,138.0
3630,146.0
3631,146.0
3632,141.0
3633,126.0
3634,98.0
3635,89.0
3636,83.0
3637,91.0
3638,103.0
3639,120.0
3640,139.0
3641,146.0
3642,150.0
3643,156.0
3644,153.0
3645,156.0
3646,144.0
3647,124.0
3648,115.0
3649,110.0
3650,117.0
3651,124.0
3652,128.0
3653,140.0
3654,140.0
3655,140.0
3656,153.0
3657,159.0
3658,158.0
3659,148.0
3660,125.0
3661,102.0
3662,91.0
3663,94.0
3664,106.0
3665,121.0
3666,143.0
3667,158.0
3668,160.0
3669,169.0
3670,165.0
3671,161.0
3672,152.0
3673,138.0
3674,125.0
3675,116.0
3676,110.0
3677,117.0
3678,124.0
3679,139.0
3680,152.0
3681,152.0
3682,164.0
3683,167.0
3684,172.0
3685,167.0
3686,150.0
3687,131.0
3688,116.0
3689,116.0
3690,123.0
3691,134.0
3692,144.0
3693,151.0
3694,156.0
3695,161.0
3696,159.0
3697,159.0
3698,153.0
3699,132.0
3700,112.0
3701,104.0
3702,107.0
3703,117.0
3704,120.0
3705,143.0
3706,157.0
3707,164.0
3708,171.0
3709,166.0
3710,168.0
3711,161.0
3712,139.0
3713,119.0
3714,105.0
3715,105.0
3716,116.0
3717,121.0
3718,133.0
3719,146.0
3720,146.0
3721,154.0
3722,158.0
3723,161.0
3724,153.0
3725,139.0
3726,114.0
3727,101.0
3728,97.0
3729,107.0
3730,117.0
3731,135.0
3732,156.0
3733,162.0
3734,174.0
3735,174.0
3736,170.0
3737,160.0
3738,147.0
3739,123.0
3740,112.0
3741,104.0
3742,115.0
3743,124.0
3744,139.0
3745,154.0
3746,156.0
3747,164.0
3748,162.0
3749,158.0
3750,153.0
3751,140.0
3752,118.0
3753,104.0
3754,97.0
3755,110.0
3756,119.0
3757,133.0
3758,149.0
3759,148.0
3760,157.0
3761,161.0
3762,160.0
3763,162.0
3764,152.0
3765,129.0
3766,117.0
3767,113.0
3768,124.0
3769,129.0
3770,137.0
3771,151.0
3772,149.0
3773,160.0
3774,162.0
3775,158.0
3776,152.0
3777,137.0
3778,117.0
3779,101.0
3780,97.0
3781,108.0
3782,119.0
3783,133.0
3784,149.0
3785,153.0
3786,164.0
3787,163.0
3788,161.0
3789,157.0
3790,146.0
3791,121.0
3792,107.0
3793,103.0
3794,110.0
3795,120.0
3796,130.0
3797,148.0
3798,147.0
3799,153.0
3800,163.0
3801,164.0
3802,161.0
3803,149.0
3804,121.0
3805,108.0
3806,102.0
3807,111.0
3808,122.0
3809,137.0
3810,155.0
3811,164.0
3812,171.0
3813,169.0
3814,168.0
3815,164.0
3816,152.0
3817,124.0
3818,109.0
3819,97.0
3820,104.0
3821,119.0
3822,134.0
3823,145.0
3824,147.0
3825,157.0
3826,161.0
3827,158.0
3828,162.0
3829,153.0
3830,125.0
3831,109.0
3832,101.0
3833,107.0
3834,115.0
3835,124.0
3836,140.0
3837,151.0
3838,160.0
3839,167.0
3840,166.0
3841,163.0
3842,151.0
3843,124.0
3844,106.0
3845,98.0
3846,102.0
3847,120.0
3848,123.0
3849,144.0
3850,155.0
3851,161.0
3852,171.0
3853,173.0
3854,167.0
3855,150.0
3856,126.0
3857,109.0
3858,97.0
3859,102.0
3860,112.0
3861,120.0
3862,141.0
3863,156.0
3864,160.0
3865,172.0
3866,172.0
3867,171.0
3868,163.0
3869,144.0
3870,126.0
3871,108.0
3872,108.0
3873,118.0
3874,122.0
3875,138.0
3876,151.0
3877,157.0
3878,167.0
3879,170.0
3880,176.0
3881,169.0
3882,150.0
3883,122.0
3884,101.0
3885,96.0
3886,106.0
3887,112.0
3888,133.0
3889,145.0
3890,145.0
3891,158.0
3892,163.0
3893,159.0
3894,146.0
3895,130.0
3896,114.0
3897,100.0
3898,96.0
3899,106.0
3900,115.0
3901,133.0
3902,146.0
3903,146.0
3904,158.0
3905,159.0
3906,160.0
3907,149.0
3908,126.0
3909,112.0
3910,108.0
3911,107.0
3912,113.0
3913,115.0
3914,126.0
3915,141.0
3916,142.0
3917,150.0
3918,150.0
3919,150.0
3920,148.0
3921,130.0
3922,111.0
3923,101.0
3924,96.0
3925,106.0
3926,117.0
3927,132.0
3928,148.0
3929,151.0
3930,164.0
3931,166.0
3932,170.0
3933,168.0
3934,151.0
3935,135.0
3936,111.0
3937,102.0
3938,108.0
3939,118.0
3940,132.0
3941,151.0
3942,156.0
3943,167.0
3944,171.0
3945,172.0
3946,166.0
3947,152.0
3948,127.0
3949,112.0
3950,106.0
3951,115.0
3952,123.0
3953,136.0
3954,153.0
3955,150.0
3956,151.0
3957,156.0
3958,159.0
3959,151.0
3960,136.0
3961,118.0
3962,112.0
3963,101.0
3964,110.0
3965,124.0
3966,137.0
3967,154.0
3968,153.0
3969,162.0
3970,168.0
3971,166.0
3972,163.0
3973,150.0
3974,128.0
3975,112.0
3976,102.0
3977,112.0
3978,125.0
3979,139.0
3980,161.0
3981,166.0
3982,172.0
3983,165.0
3984,159.0
3985,155.0
3986,146.0
3987,116.0
3988,99.0
3989,86.0
3990,89.0
3991,96.0
3992,95.0
3993,103.0
3994,105.0
3995,105.0
3996,111.0
3997,109.0
3998,107.0
3999,96.0
4000,71.0
4001,59.0
4002,57.0
4003,60.0
4004,68.0
4005,82.0
4006,105.0
4007,119.0
4008,121.0
4009,140.0
4010,144.0
4011,151.0
4012,155.0
4013,144.0
4014,134.0
4015,124.0
4016,127.0
4017,142.0
4018,154.0
4019,166.0
4020,183.0
4021,183.0
4022,191.0
4023,188.0
4024,185.0
4025,168.0
4026,146.0
4027,127.0
4028,114.0
4029,109.0
4030,117.0
4031,122.0
4032,141.0
4033,154.0
4034,151.0
4035,166.0
4036,168.0
4037,169.0
4038,160.0
4039,139.0
4040,119.0
4041,109.0
4042,110.0
4043,116.0
4044,118.0
4045,130.0
4046,152.0
4047,153.0
4048,162.0
4049,162.0
4050,158.0
4051,154.0
4052,136.0
4053,109.0
4054,101.0
4055,94.0
4056,104.0
4057,114.0
4058,130.0
4059,150.0
4060,155.0
4061,164.0
4062,168.0
4063,165.0
4064,153.0
4065,134.0
4066,111.0
4067,96.0
4068,92.0
4069,105.0
4070,118.0
4071,136.0
4072,154.0
4073,156.0
4074,160.0
4075,164.0
4076,162.0
4077,157.0
4078,143.0
4079,116.0
4080,101.0
4081,97.0
4082,107.0
4083,113.0
4084,122.0
4085,138.0
4086,141.0
4087,151.0
4088,160.0
4089,157.0
4090,153.0
4091,141.0
4092,116.0
4093,105.0
4094,95.0
4095,105.0
4096,118.0
4097,124.0
4098,132.0
4099,132.0
4100,139.0
4101,152.0
4102,152.0
4103,149.0
4104,137.0
4105,113.0
4106,98.0
4107,96.0
4108,105.0
4109,112.0
4110,117.0
4111,128.0
4112,138.0
4113,141.0
4114,151.0
4115,152.0
4116,145.0
4117,135.0
4118,118.0
4119,99.0
4120,87.0
4121,89.0
4122,98.0
4123,111.0
4124,130.0
4125,139.0
4126,142.0
4127,152.0
4128,149.0
4129,141.0
4130,125.0
4131,103.0
4132,85.0
4133,81.0
4134,82.0
4135,97.0
4136,105.0
4137,115.0
4138,127.0
4139,129.0
4140,138.0
4141,137.0
4142,134.0
4143,132.0
4144,114.0
4145,90.0
4146,77.0
4147,76.0
4148,90.0
4149,97.0
4150,109.0
4151,124.0
4152,117.0
4153,123.0
4154,130.0
4155,134.0
4156,132.0
4157,114.0
4158,89.0
4159,74.0
4160,66.0
4161,76.0
4162,92.0
4163,102.0
4164,120.0
4165,128.0
4166,135.0
4167,134.0
4168,132.0
4169,129.0
4170,118.0
4171,90.0
4172,72.0
4173,63.0
4174,69.0
4175,86.0
4176,99.0
4177,115.0
4178,120.0
4179,125.0
4180,140.0
4181,145.0
4182,141.0
4183,139.0
4184,119.0
4185,95.0
4186,85.0
4187,89.0
4188,96.0
4189,103.0
4190,124.0
4191,137.0
4192,142.0
4193,156.0
4194,157.0
4195,158.0
4196,148.0
4197,127.0
4198,106.0
4199,95.0
4200,90.0
4201,105.0
4202,109.0
4203,120.0
4204,135.0
4205,143.0
4206,152.0
4207,150.0
4208,152.0
4209,148.0
4210,133.0
4211,110.0
4212,95.0
4213,92.0
4214,107.0
4215,121.0
4216,131.0
4217,144.0
4218,146.0
4219,158.0
4220,163.0
4221,163.0
4222,159.0
4223,142.0
4224,115.0
4225,99.0
4226,88.0
4227,101.0
4228,119.0
4229,135.0
4230,148.0
4231,153.0
4232,160.0
4233,165.0
4234,165.0
4235,163.0
4236,152.0
4237,127.0
4238,111.0
4239,98.0
4240,108.0
4241,119.0
4242,133.0
4243,144.0
4244,141.0
4245,152.0
4246,159.0
4247,157.0
4248,157.0
4249,147.0
4250,123.0
4251,107.0
4252,96.0
4253,106.0
4254,115.0
4255,126.0
4256,145.0
4257,150.0
4258,152.0
4259,159.0
4260,161.0
4261,157.0
4262,148.0
4263,125.0
4264,108.0
4265,99.0
4266,108.0
4267,117.0
4268,121.0
4269,138.0
4270,148.0
4271,153.0
4272,163.0
4273,165.0
4274,167.0
4275,157.0
4276,127.0
4277,110.0
4278,103.0
4279,109.0
4280,118.0
4281,124.0
4282,141.0
4283,148.0
4284,153.0
4285,164.0
4286,165.0
4287,162.0
4288,147.0
4289,126.0
4290,105.0
4291,95.0
4292,99.0
4293,111.0
4294,117.0
4295,140.0
4296,157.0
4297,161.0
4298,168.0
4299,161.0
4300,158.0
4301,149.0
4302,127.0
4303,105.0
4304,96.0
4305,99.0
4306,113.0
4307,122.0
4308,135.0
4309,149.0
4310,148.0
4311,158.0
4312,162.0
4313,167.0
4314,160.0
4315,142.0
4316,123.0
4317,105.0
4318,101.0
4319,111.0
4320,115.0
4321,130.0
4322,144.0
4323,141.0
4324,154.0
4325,158.0
4326,158.0
4327,152.0
4328,137.0
4329,111.0
4330,98.0
4331,93.0
4332,104.0
4333,114.0
4334,130.0
4335,145.0
4336,150.0
4337,158.0
4338,159.0
4339,155.0
4340,156.0
4341,142.0
4342,119.0
4343,101.0
4344,95.0
4345,109.0
4346,121.0
4347,130.0
4348,142.0
4349,144.0
4350,153.0
4351,159.0
4352,163.0
4353,158.0
4354,143.0
4355,122.0
4356,111.0
4357,96.0
4358,102.0
4359,114.0
4360,128.0
4361,147.0
4362,154.0
4363,155.0
4364,158.0
4365,159.0
4366,154.0
4367,141.0
4368,118.0
4369,105.0
4370,96.0
4371,100.0
4372,113.0
4373,125.0
4374,141.0
4375,146.0
4376,153.0
4377,162.0
4378,160.0
4379,160.0
4380,151.0
4381,127.0
4382,117.0
4383,110.0
4384,115.0
4385,120.0
4386,128.0
4387,142.0
4388,147.0
4389,152.0
4390,155.0
4391,153.0
4392,153.0
4393,139.0
4394,112.0
4395,100.0
4396,92.0
4397,102.0
4398,117.0
4399,125.0
4400,142.0
4401,149.0
4402,148.0
4403,154.0
4404,152.0
4405,152.0
4406,143.0
4407,118.0
4408,105.0
4409,99.0
4410,107.0
4411,118.0
4412,127.0
4413,140.0
4414,144.0
4415,144.0
4416,157.0
4417,162.0
4418,164.0
4419,155.0
4420,130.0
4421,113.0
4422,106.0
4423,113.0
4424,121.0
4425,129.0
4426,143.0
4427,144.0
4428,147.0
4429,154.0
4430,150.0
4431,152.0
4432,150.0
4433,128.0
4434,111.0
4435,104.0
4436,108.0
4437,111.0
4438,116.0
4439,135.0
4440,145.0
4441,151.0
4442,163.0
4443,162.0
4444,159.0
4445,148.0
4446,127.0
4447,115.0
4448,104.0
4449,104.0
4450,111.0
4451,121.0
4452,137.0
4453,147.0
4454,147.0
4455,153.0
4456,146.0
4457,147.0
4458,134.0
4459,113.0
4460,98.0
4461,86.0
4462,86.0
4463,97.0
4464,103.0
4465,116.0
4466,132.0
4467,137.0
4468,150.0
4469,159.0
4470,159.0
4471,146.0
4472,126.0
4473,109.0
4474,99.0
4475,100.0
4476,111.0
4477,121.0
4478,135.0
4479,145.0
4480,150.0
4481,162.0
4482,165.0
4483,163.0
4484,156.0
4485,132.0
4486,107.0
4487,95.0
4488,89.0
4489,101.0
4490,117.0
4491,134.0
4492,147.0
4493,146.0
4494,155.0
4495,164.0
4496,160.0
4497,158.0
4498,140.0
4499,109.0
4500,97.0
4501,97.0
4502,110.0
4503,125.0
4504,134.0
4505,151.0
4506,154.0
4507,162.0
4508,167.0
4509,161.0
4510,156.0
4511,139.0
4512,113.0
4513,100.0
4514,94.0
4515,103.0
4516,115.0
4517,134.0
4518,152.0
4519,154.0
4520,158.0
4521,162.0
4522,158.0
4523,150.0
4524,143.0
4525,123.0
4526,112.0
4527,100.0
4528,110.0
4529,126.0
4530,135.0
4531,153.0
4532,158.0
4533,166.0
4534,169.0
4535,162.0
4536,156.0
4537,139.0
4538,113.0
4539,94.0
4540,78.0
4541,76.0
4542,79.0
4543,82.0
4544,91.0
4545,98.0
4546,102.0
4547,108.0
4548,103.0
4549,99.0
4550,85.0
4551,65.0
4552,52.0
4553,48.0
4554,50.0
4555,61.0
4556,74.0
4557,92.0
4558,110.0
4559,117.0
4560,132.0
4561,140.0
4562,148.0
4563,154.0
4564,151.0
4565,136.0
4566,125.0
4567,124.0
4568,133.0
4569,143.0
4570,159.0
4571,177.0
4572,173.0
4573,176.0
4574,174.0
4575,164.0
4576,160.0
4577,152.0
4578,124.0
4579,109.0
4580,105.0
4581,116.0
4582,130.0
4583,142.0
4584,151.0
4585,155.0
4586,160.0
4587,157.0
4588,157.0
4589,157.0
4590,142.0
4591,114.0
4592,103.0
4593,98.0
4594,109.0
4595,123.0
4596,130.0
4597,142.0
4598,145.0
4599,153.0
4600,158.0
4601,154.0
4602,146.0
4603,134.0
4604,109.0
4605,100.0
4606,90.0
4607,97.0
4608,103.0
4609,111.0
4610,128.0
4611,136.0
4612,146.0
4613,159.0
4614,157.0
4615,156.0
4616,142.0
4617,119.0
4618,108.0
4619,103.0
4620,109.0
4621,115.0
4622,123.0
4623,141.0
4624,145.0
4625,146.0
4626,152.0
4627,146.0
4628,146.0
4629,141.0
4630,127.0
4631,109.0
4632,98.0
4633,102.0
4634,112.0
4635,122.0
4636,133.0
4637,138.0
4638,145.0
4639,155.0
4640,151.0
4641,149.0
4642,139.0
4643,112.0
4644,95.0
4645,88.0
4646,95.0
4647,105.0
4648,108.0
4649,119.0
4650,124.0
4651,130.0
4652,146.0
4653,146.0
4654,145.0
4655,136.0
4656,122.0
4657,113.0
4658,104.0
4659,103.0
4660,115.0
4661,123.0
4662,137.0
4663,144.0
4664,143.0
4665,151.0
4666,147.0
4667,147.0
4668,145.0
4669,125.0
4670,101.0
4671,85.0
4672,84.0
4673,96.0
4674,102.0
4675,111.0
4676,125.0
4677,127.0
4678,139.0
4679,140.0
4680,137.0
4681,127.0
4682,111.0
4683,96.0
4684,80.0
4685,72.0
4686,82.0
4687,97.0
4688,111.0
4689,128.0
4690,128.0
4691,132.0
4692,137.0
4693,133.0
4694,130.0
4695,115.0
4696,85.0
4697,74.0
4698,65.0
4699,70.0
4700,80.0
4701,92.0
4702,106.0
4703,110.0
4704,117.0
4705,129.0
4706,130.0
4707,128.0
4708,116.0
4709,91.0
4710,74.0
4711,71.0
4712,73.0
4713,78.0
4714,80.0
4715,98.0
4716,115.0
4717,124.0
4718,138.0
4719,137.0
4720,136.0
4721,128.0
4722,110.0
4723,83.0
4724,75.0
4725,74.0
4726,83.0
4727,94.0
4728,110.0
4729,124.0
4730,126.0
4731,140.0
4732,143.0
4733,135.0
4734,127.0
4735,107.0
4736,79.0
4737,69.0
4738,69.0
4739,84.0
4740,98.0
4741,108.0
4742,129.0
4743,137.0
4744,140.0
4745,147.0
4746,144.0
4747,141.0
4748,133.0
4749,109.0
4750,92.0
4751,88.0
4752,93.0
4753,97.0
4754,110.0
4755,130.0
4756,142.0
4757,145.0
4758,155.0
4759,150.0
4760,146.0
4761,137.0
4762,107.0
4763,92.0
4764,84.0
4765,89.0
4766,103.0
4767,115.0
4768,134.0
4769,146.0
4770,152.0
4771,163.0
4772,163.0
4773,161.0
4774,153.0
4775,125.0
4776,103.0
4777,88.0
4778,87.0
4779,109.0
4780,116.0
4781,132.0
4782,147.0
4783,156.0
4784,169.0
4785,167.0
4786,167.0
4787,155.0
4788,133.0
4789,114.0
4790,105.0
4791,101.0
4792,115.0
4793,120.0
4794,129.0
4795,144.0
4796,143.0
4797,154.0
4798,158.0
4799,157.0
4800,155.0
4801,138.0
4802,114.0
4803,95.0
4804,90.0
4805,100.0
4806,107.0
4807,124.0
4808,137.0
4809,144.0
4810,161.0
4811,161.0
4812,161.0
4813,156.0
4814,142.0
4815,123.0
4816,114.0
4817,104.0
4818,106.0
4819,114.0
4820,125.0
4821,137.0
4822,142.0
4823,149.0
4824,149.0
4825,147.0
4826,138.0
4827,127.0
4828,105.0
4829,94.0
4830,88.0
4831,107.0
4832,114.0
4833,124.0
4834,140.0
4835,143.0
4836,153.0
4837,159.0
4838,159.0
4839,153.0
4840,141.0
4841,119.0
4842,110.0
4843,104.0
4844,113.0
4845,123.0
4846,129.0
4847,144.0
4848,142.0
4849,144.0
4850,146.0
4851,148.0
4852,148.0
4853,134.0
4854,114.0
4855,102.0
4856,92.0
4857,98.0
4858,107.0
4859,113.0
4860,140.0
4861,146.0
4862,150.0
4863,162.0
4864,160.0
4865,158.0
4866,147.0
4867,119.0
4868,106.0
4869,99.0
4870,104.0
4871,115.0
4872,124.0
4873,135.0
4874,142.0
4875,152.0
4876,160.0
4877,154.0
4878,152.0
4879,144.0
4880,116.0
4881,101.0
4882,98.0
4883,104.0
4884,114.0
4885,126.0
4886,138.0
4887,137.0
4888,144.0
4889,156.0
4890,159.0
4891,159.0
4892,153.0
4893,125.0
4894,103.0
4895,93.0
4896,98.0
4897,108.0
4898,123.0
4899,142.0
4900,143.0
4901,146.0
4902,157.0
4903,158.0
4904,146.0
4905,134.0
4906,116.0
4907,98.0
4908,96.0
4909,101.0
4910,109.0
4911,118.0
4912,129.0
4913,143.0
4914,142.0
4915,148.0
4916,153.0
4917,153.0
4918,144.0
4919,126.0
4920,112.0
4921,101.0
4922,98.0
4923,107.0
4924,113.0
4925,130.0
4926,141.0
4927,143.0
4928,152.0
4929,157.0
4930,161.0
4931,156.0
4932,137.0
4933,117.0
4934,102.0
4935,97.0
4936,105.0
4937,114.0
4938,133.0
4939,149.0
4940,151.0
4941,156.0
4942,160.0
4943,159.0
4944,152.0
4945,138.0
4946,114.0
4947,98.0
4948,96.0
4949,109.0
4950,117.0
4951,127.0
4952,143.0
4953,145.0
4954,156.0
4955,160.0
4956,157.0
4957,156.0
4958,135.0
4959,110.0
4960,95.0
4961,85.0
4962,99.0
4963,110.0
4964,118.0
4965,137.0
4966,142.0
4967,148.0
4968,155.0
4969,155.0
4970,153.0
4971,138.0
4972,119.0
4973,107.0
4974,93.0
4975,92.0
4976,102.0
4977,116.0
4978,137.0
4979,147.0
4980,154.0
4981,158.0
4982,162.0
4983,160.0
4984,147.0
4985,123.0
4986,108.0
4987,96.0
4988,96.0
4989,103.0
4990,114.0
4991,136.0
4992,140.0
4993,141.0
4994,147.0
4995,150.0
4996,151.0
4997,137.0
4998,114.0
4999,100.0
