,Amplitude
0,0.0
1,48.0
2,47.0
3,47.0
4,55.0
5,56.0
6,44.0
7,42.0
8,35.0
9,34.0
10,38.0
11,43.0
12,50.0
13,46.0
14,38.0
15,31.0
16,32.0
17,41.0
18,43.0
19,49.0
20,45.0
21,50.0
22,51.0
23,39.0
24,40.0
25,44.0
26,43.0
27,42.0
28,38.0
29,33.0
30,35.0
31,38.0
32,46.0
33,48.0
34,47.0
35,47.0
36,55.0
37,56.0
38,44.0
39,42.0
40,35.0
41,34.0
42,38.0
43,43.0
44,50.0
45,46.0
46,38.0
47,31.0
48,32.0
49,41.0
50,43.0
51,49.0
52,45.0
53,50.0
54,51.0
55,39.0
56,40.0
57,44.0
58,43.0
59,42.0
60,38.0
61,33.0
62,35.0
63,38.0
64,46.0
65,48.0
66,47.0
67,47.0
68,55.0
69,56.0
70,44.0
71,42.0
72,35.0
73,34.0
74,38.0
75,43.0
76,50.0
77,46.0
78,38.0
79,31.0
80,32.0
81,41.0
82,43.0
83,49.0
84,45.0
85,50.0
86,51.0
87,39.0
88,40.0
89,44.0
90,43.0
91,42.0
92,38.0
93,33.0
94,35.0
95,38.0
96,46.0
97,48.0
98,47.0
99,47.0
100,55.0
101,56.0
102,36.0
103,34.0
104,26.0
105,24.0
106,27.0
107,25.0
108,29.0
109,29.0
110,34.0
111,35.0
112,39.0
113,42.0
114,41.0
115,39.0
116,35.0
117,35.0
118,29.0
119,30.0
120,35.0
121,35.0
122,37.0
123,33.0
124,35.0
125,38.0
126,40.0
127,44.0
128,44.0
129,43.0
130,46.0
131,44.0
132,30.0
133,17.0
134,17.0
135,25.0
136,29.0
137,24.0
138,27.0
139,37.0
140,47.0
141,46.0
142,45.0
143,36.0
144,33.0
145,30.0
146,32.0
147,33.0
148,35.0
149,38.0
150,43.0
151,39.0
152,38.0
153,38.0
154,39.0
155,35.0
156,37.0
157,42.0
158,44.0
159,49.0
160,45.0
161,35.0
162,30.0
163,26.0
164,19.0
165,20.0
166,20.0
167,19.0
168,14.0
169,7.0
170,2.0
171,7.0
172,9.0
173,10.0
174,7.0
175,3.0
176,3.0
177,10.0
178,9.0
179,10.0
180,17.0
181,20.0
182,23.0
183,26.0
184,26.0
185,30.0
186,32.0
187,37.0
188,43.0
189,49.0
190,60.0
191,64.0
192,64.0
193,57.0
194,53.0
195,56.0
196,52.0
197,47.0
198,43.0
199,44.0
200,46.0
201,41.0
202,28.0
203,30.0
204,28.0
205,22.0
206,25.0
207,24.0
208,22.0
209,25.0
210,32.0
211,38.0
212,43.0
213,49.0
214,59.0
215,48.0
216,37.0
217,43.0
218,39.0
219,43.0
220,42.0
221,42.0
222,42.0
223,40.0
224,30.0
225,32.0
226,31.0
227,29.0
228,31.0
229,31.0
230,31.0
231,27.0
232,19.0
233,19.0
234,24.0
235,24.0
236,26.0
237,30.0
238,35.0
239,38.0
240,34.0
241,30.0
242,39.0
243,40.0
244,39.0
245,42.0
246,36.0
247,32.0
248,34.0
249,41.0
250,40.0
251,31.0
252,27.0
253,33.0
254,31.0
255,30.0
256,28.0
257,30.0
258,30.0
259,29.0
260,20.0
261,23.0
262,27.0
263,31.0
264,28.0
265,24.0
266,21.0
267,25.0
268,24.0
269,27.0
270,25.0
271,30.0
272,36.0
273,43.0
274,48.0
275,41.0
276,34.0
277,42.0
278,43.0
279,42.0
280,36.0
281,34.0
282,30.0
283,28.0
284,27.0
285,23.0
286,26.0
287,27.0
288,20.0
289,22.0
290,29.0
291,31.0
292,30.0
293,27.0
294,27.0
295,24.0
296,26.0
297,33.0
298,30.0
299,32.0
300,29.0
301,30.0
302,30.0
303,31.0
304,31.0
305,28.0
306,26.0
307,24.0
308,20.0
309,17.0
310,19.0
311,14.0
312,21.0
313,26.0
314,24.0
315,25.0
316,28.0
317,25.0
318,28.0
319,21.0
320,20.0
321,19.0
322,14.0
323,20.0
324,28.0
325,24.0
326,20.0
327,21.0
328,25.0
329,19.0
330,18.0
331,18.0
332,15.0
333,13.0
334,14.0
335,19.0
336,15.0
337,15.0
338,16.0
339,22.0
340,38.0
341,43.0
342,45.0
343,40.0
344,40.0
345,43.0
346,44.0
347,37.0
348,20.0
349,16.0
350,18.0
351,19.0
352,18.0
353,16.0
354,24.0
355,31.0
356,28.0
357,26.0
358,21.0
359,21.0
360,27.0
361,26.0
362,29.0
363,26.0
364,28.0
365,31.0
366,36.0
367,33.0
368,26.0
369,23.0
370,23.0
371,27.0
372,35.0
373,32.0
374,24.0
375,26.0
376,30.0
377,25.0
378,21.0
379,23.0
380,27.0
381,22.0
382,24.0
383,29.0
384,37.0
385,37.0
386,35.0
387,32.0
388,27.0
389,28.0
390,32.0
391,31.0
392,36.0
393,32.0
394,35.0
395,40.0
396,40.0
397,40.0
398,42.0
399,34.0
400,29.0
401,36.0
402,31.0
403,38.0
404,39.0
405,30.0
406,23.0
407,28.0
408,30.0
409,29.0
410,30.0
411,26.0
412,31.0
413,31.0
414,30.0
415,29.0
416,32.0
417,36.0
418,33.0
419,29.0
420,34.0
421,35.0
422,26.0
423,24.0
424,25.0
425,27.0
426,28.0
427,34.0
428,30.0
429,30.0
430,34.0
431,38.0
432,36.0
433,33.0
434,28.0
435,34.0
436,35.0
437,36.0
438,36.0
439,39.0
440,35.0
441,30.0
442,29.0
443,36.0
444,38.0
445,34.0
446,25.0
447,20.0
448,24.0
449,23.0
450,25.0
451,25.0
452,30.0
453,34.0
454,33.0
455,24.0
456,24.0
457,29.0
458,34.0
459,30.0
460,28.0
461,32.0
462,32.0
463,37.0
464,40.0
465,36.0
466,35.0
467,31.0
468,22.0
469,25.0
470,23.0
471,24.0
472,31.0
473,29.0
474,29.0
475,28.0
476,29.0
477,28.0
478,29.0
479,35.0
480,34.0
481,32.0
482,31.0
483,29.0
484,27.0
485,32.0
486,27.0
487,25.0
488,28.0
489,31.0
490,30.0
491,29.0
492,27.0
493,39.0
494,46.0
495,46.0
496,35.0
497,30.0
498,27.0
499,22.0
500,22.0
501,24.0
502,22.0
503,31.0
504,30.0
505,28.0
506,24.0
507,27.0
508,28.0
509,28.0
510,29.0
511,36.0
512,41.0
513,37.0
514,35.0
515,34.0
516,30.0
517,23.0
518,23.0
519,22.0
520,24.0
521,25.0
522,17.0
523,11.0
524,13.0
525,15.0
526,22.0
527,34.0
528,39.0
529,44.0
530,44.0
531,46.0
532,50.0
533,45.0
534,45.0
535,34.0
536,26.0
537,26.0
538,28.0
539,31.0
540,31.0
541,28.0
542,20.0
543,26.0
544,25.0
545,29.0
546,28.0
547,26.0
548,25.0
549,32.0
550,32.0
551,26.0
552,31.0
553,29.0
554,27.0
555,22.0
556,25.0
557,32.0
558,36.0
559,39.0
560,35.0
561,35.0
562,35.0
563,35.0
564,24.0
565,22.0
566,31.0
567,34.0
568,32.0
569,34.0
570,35.0
571,34.0
572,34.0
573,36.0
574,32.0
575,35.0
576,42.0
577,43.0
578,31.0
579,25.0
580,25.0
581,24.0
582,16.0
583,19.0
584,17.0
585,18.0
586,25.0
587,33.0
588,37.0
589,41.0
590,45.0
591,39.0
592,36.0
593,38.0
594,38.0
595,34.0
596,32.0
597,28.0
598,26.0
599,23.0
600,21.0
601,29.0
602,27.0
603,25.0
604,16.0
605,14.0
606,21.0
607,17.0
608,17.0
609,20.0
610,30.0
611,40.0
612,40.0
613,40.0
614,48.0
615,49.0
616,48.0
617,47.0
618,46.0
619,49.0
620,43.0
621,43.0
622,37.0
623,34.0
624,29.0
625,24.0
626,19.0
627,16.0
628,14.0
629,12.0
630,7.0
631,7.0
632,1.0
633,0.0
634,0.0
635,0.0
636,5.0
637,12.0
638,8.0
639,7.0
640,5.0
641,1.0
642,4.0
643,15.0
644,20.0
645,25.0
646,28.0
647,30.0
648,30.0
649,32.0
650,39.0
651,44.0
652,55.0
653,65.0
654,60.0
655,62.0
656,64.0
657,58.0
658,57.0
659,47.0
660,48.0
661,44.0
662,40.0
663,39.0
664,37.0
665,37.0
666,38.0
667,40.0
668,37.0
669,31.0
670,31.0
671,31.0
672,33.0
673,33.0
674,30.0
675,26.0
676,25.0
677,29.0
678,30.0
679,28.0
680,32.0
681,35.0
682,31.0
683,34.0
684,32.0
685,32.0
686,29.0
687,23.0
688,26.0
689,30.0
690,29.0
691,27.0
692,25.0
693,27.0
694,32.0
695,33.0
696,31.0
697,33.0
698,38.0
699,37.0
700,30.0
701,22.0
702,25.0
703,31.0
704,27.0
705,25.0
706,29.0
707,32.0
708,37.0
709,28.0
710,30.0
711,33.0
712,28.0
713,28.0
714,29.0
715,28.0
716,29.0
717,29.0
718,31.0
719,36.0
720,33.0
721,25.0
722,17.0
723,21.0
724,25.0
725,26.0
726,33.0
727,28.0
728,27.0
729,28.0
730,30.0
731,28.0
732,25.0
733,22.0
734,26.0
735,27.0
736,22.0
737,25.0
738,30.0
739,34.0
740,30.0
741,28.0
742,31.0
743,27.0
744,28.0
745,23.0
746,22.0
747,29.0
748,35.0
749,28.0
750,24.0
751,21.0
752,19.0
753,27.0
754,26.0
755,25.0
756,29.0
757,31.0
758,29.0
759,27.0
760,21.0
761,21.0
762,24.0
763,22.0
764,19.0
765,21.0
766,20.0
767,25.0
768,23.0
769,21.0
770,22.0
771,24.0
772,26.0
773,28.0
774,28.0
775,25.0
776,22.0
777,21.0
778,8.0
779,13.0
780,16.0
781,11.0
782,6.0
783,9.0
784,18.0
785,18.0
786,16.0
787,13.0
788,15.0
789,22.0
790,22.0
791,19.0
792,23.0
793,25.0
794,26.0
795,25.0
796,28.0
797,23.0
798,19.0
799,15.0
800,14.0
801,19.0
802,15.0
803,16.0
804,11.0
805,16.0
806,18.0
807,22.0
808,26.0
809,24.0
810,27.0
811,27.0
812,23.0
813,20.0
814,17.0
815,10.0
816,12.0
817,16.0
818,18.0
819,18.0
820,21.0
821,24.0
822,21.0
823,21.0
824,17.0
825,20.0
826,22.0
827,21.0
828,24.0
829,28.0
830,23.0
831,24.0
832,31.0
833,32.0
834,29.0
835,24.0
836,20.0
837,23.0
838,24.0
839,26.0
840,28.0
841,34.0
842,30.0
843,28.0
844,27.0
845,27.0
846,31.0
847,36.0
848,38.0
849,34.0
850,32.0
851,33.0
852,35.0
853,34.0
854,30.0
855,31.0
856,30.0
857,29.0
858,23.0
859,22.0
860,23.0
861,23.0
862,23.0
863,25.0
864,22.0
865,26.0
866,32.0
867,33.0
868,35.0
869,30.0
870,33.0
871,29.0
872,26.0
873,31.0
874,36.0
875,37.0
876,33.0
877,36.0
878,37.0
879,30.0
880,26.0
881,15.0
882,11.0
883,17.0
884,21.0
885,20.0
886,21.0
887,21.0
888,20.0
889,19.0
890,29.0
891,23.0
892,24.0
893,33.0
894,44.0
895,41.0
896,37.0
897,36.0
898,36.0
899,30.0
900,26.0
901,25.0
902,25.0
903,23.0
904,25.0
905,22.0
906,21.0
907,21.0
908,18.0
909,30.0
910,28.0
911,25.0
912,27.0
913,28.0
914,30.0
915,29.0
916,26.0
917,26.0
918,27.0
919,26.0
920,29.0
921,30.0
922,28.0
923,31.0
924,30.0
925,31.0
926,30.0
927,26.0
928,22.0
929,28.0
930,29.0
931,25.0
932,22.0
933,22.0
934,25.0
935,18.0
936,15.0
937,10.0
938,16.0
939,23.0
940,22.0
941,25.0
942,31.0
943,33.0
944,29.0
945,24.0
946,24.0
947,19.0
948,23.0
949,24.0
950,29.0
951,27.0
952,36.0
953,34.0
954,34.0
955,34.0
956,37.0
957,36.0
958,37.0
959,32.0
960,29.0
961,27.0
962,30.0
963,23.0
964,14.0
965,20.0
966,27.0
967,32.0
968,30.0
969,28.0
970,27.0
971,25.0
972,20.0
973,24.0
974,20.0
975,19.0
976,16.0
977,20.0
978,25.0
979,26.0
980,31.0
981,32.0
982,35.0
983,39.0
984,43.0
985,33.0
986,25.0
987,23.0
988,22.0
989,24.0
990,28.0
991,26.0
992,25.0
993,26.0
994,30.0
995,30.0
996,28.0
997,24.0
998,24.0
999,25.0
1000,24.0
1001,23.0
1002,23.0
1003,21.0
1004,20.0
1005,18.0
1006,24.0
1007,22.0
1008,24.0
1009,24.0
1010,27.0
1011,28.0
1012,22.0
1013,16.0
1014,13.0
1015,16.0
1016,17.0
1017,23.0
1018,31.0
1019,34.0
1020,30.0
1021,29.0
1022,30.0
1023,31.0
1024,33.0
1025,33.0
1026,31.0
1027,23.0
1028,22.0
1029,21.0
1030,25.0
1031,30.0
1032,26.0
1033,24.0
1034,28.0
1035,32.0
1036,35.0
1037,36.0
1038,37.0
1039,33.0
1040,30.0
1041,33.0
1042,31.0
1043,32.0
1044,33.0
1045,31.0
1046,24.0
1047,27.0
1048,29.0
1049,27.0
1050,28.0
1051,37.0
1052,40.0
1053,36.0
1054,34.0
1055,32.0
1056,24.0
1057,23.0
1058,24.0
1059,15.0
1060,24.0
1061,31.0
1062,35.0
1063,32.0
1064,30.0
1065,25.0
1066,23.0
1067,23.0
1068,33.0
1069,27.0
1070,25.0
1071,29.0
1072,28.0
1073,22.0
1074,19.0
1075,20.0
1076,25.0
1077,23.0
1078,27.0
1079,28.0
1080,33.0
1081,32.0
1082,28.0
1083,24.0
1084,23.0
1085,23.0
1086,17.0
1087,11.0
1088,6.0
1089,6.0
1090,3.0
1091,0.0
1092,0.0
1093,0.0
1094,0.0
1095,0.0
1096,0.0
1097,0.0
1098,1.0
1099,0.0
1100,5.0
1101,6.0
1102,14.0
1103,28.0
1104,36.0
1105,31.0
1106,38.0
1107,42.0
1108,42.0
1109,41.0
1110,41.0
1111,48.0
1112,58.0
1113,62.0
1114,61.0
1115,56.0
1116,55.0
1117,55.0
1118,56.0
1119,52.0
1120,51.0
1121,49.0
1122,44.0
1123,40.0
1124,36.0
1125,41.0
1126,41.0
1127,43.0
1128,41.0
1129,36.0
1130,37.0
1131,40.0
1132,34.0
1133,28.0
1134,20.0
1135,21.0
1136,21.0
1137,24.0
1138,21.0
1139,24.0
1140,22.0
1141,21.0
1142,27.0
1143,22.0
1144,14.0
1145,12.0
1146,17.0
1147,16.0
1148,19.0
1149,27.0
1150,23.0
1151,17.0
1152,16.0
1153,24.0
1154,30.0
1155,28.0
1156,27.0
1157,30.0
1158,35.0
1159,36.0
1160,38.0
1161,37.0
1162,35.0
1163,32.0
1164,30.0
1165,26.0
1166,27.0
1167,32.0
1168,32.0
1169,30.0
1170,25.0
1171,24.0
1172,19.0
1173,19.0
1174,26.0
1175,26.0
1176,20.0
1177,17.0
1178,18.0
1179,19.0
1180,17.0
1181,17.0
1182,15.0
1183,13.0
1184,17.0
1185,23.0
1186,23.0
1187,30.0
1188,31.0
1189,27.0
1190,25.0
1191,26.0
1192,26.0
1193,25.0
1194,23.0
1195,15.0
1196,9.0
1197,12.0
1198,12.0
1199,15.0
1200,20.0
1201,24.0
1202,23.0
1203,25.0
1204,27.0
1205,24.0
1206,18.0
1207,19.0
1208,15.0
1209,13.0
1210,12.0
1211,13.0
1212,14.0
1213,15.0
1214,14.0
1215,20.0
1216,29.0
1217,20.0
1218,17.0
1219,21.0
1220,21.0
1221,15.0
1222,14.0
1223,20.0
1224,19.0
1225,16.0
1226,18.0
1227,19.0
1228,22.0
1229,21.0
1230,18.0
1231,19.0
1232,15.0
1233,10.0
1234,11.0
1235,8.0
1236,8.0
1237,8.0
1238,4.0
1239,9.0
1240,12.0
1241,9.0
1242,6.0
1243,16.0
1244,16.0
1245,11.0
1246,11.0
1247,11.0
1248,13.0
1249,12.0
1250,14.0
1251,11.0
1252,12.0
1253,10.0
1254,11.0
1255,11.0
1256,9.0
1257,12.0
1258,9.0
1259,9.0
1260,10.0
1261,11.0
1262,13.0
1263,16.0
1264,7.0
1265,4.0
1266,4.0
1267,4.0
1268,6.0
1269,11.0
1270,16.0
1271,19.0
1272,19.0
1273,21.0
1274,21.0
1275,18.0
1276,16.0
1277,14.0
1278,19.0
1279,8.0
1280,8.0
1281,11.0
1282,11.0
1283,12.0
1284,14.0
1285,8.0
1286,14.0
1287,14.0
1288,17.0
1289,24.0
1290,22.0
1291,27.0
1292,27.0
1293,20.0
1294,15.0
1295,17.0
1296,17.0
1297,21.0
1298,24.0
1299,20.0
1300,20.0
1301,28.0
1302,27.0
1303,29.0
1304,29.0
1305,24.0
1306,26.0
1307,27.0
1308,26.0
1309,28.0
1310,29.0
1311,28.0
1312,28.0
1313,25.0
1314,22.0
1315,28.0
1316,25.0
1317,17.0
1318,20.0
1319,22.0
1320,22.0
1321,14.0
1322,12.0
1323,17.0
1324,26.0
1325,30.0
1326,32.0
1327,30.0
1328,28.0
1329,28.0
1330,34.0
1331,34.0
1332,32.0
1333,27.0
1334,25.0
1335,28.0
1336,29.0
1337,28.0
1338,25.0
1339,20.0
1340,12.0
1341,5.0
1342,9.0
1343,14.0
1344,20.0
1345,19.0
1346,22.0
1347,22.0
1348,23.0
1349,22.0
1350,21.0
1351,26.0
1352,33.0
1353,34.0
1354,28.0
1355,27.0
1356,30.0
1357,29.0
1358,29.0
1359,25.0
1360,26.0
1361,26.0
1362,19.0
1363,16.0
1364,19.0
1365,22.0
1366,21.0
1367,24.0
1368,24.0
1369,23.0
1370,24.0
1371,25.0
1372,23.0
1373,20.0
1374,22.0
1375,23.0
1376,22.0
1377,26.0
1378,19.0
1379,21.0
1380,22.0
1381,18.0
1382,22.0
1383,24.0
1384,26.0
1385,24.0
1386,28.0
1387,26.0
1388,22.0
1389,13.0
1390,19.0
1391,24.0
1392,18.0
1393,20.0
1394,20.0
1395,14.0
1396,14.0
1397,20.0
1398,19.0
1399,16.0
1400,13.0
1401,19.0
1402,20.0
1403,19.0
1404,19.0
1405,17.0
1406,19.0
1407,25.0
1408,18.0
1409,13.0
1410,19.0
1411,21.0
1412,21.0
1413,16.0
1414,19.0
1415,24.0
1416,27.0
1417,37.0
1418,30.0
1419,28.0
1420,28.0
1421,21.0
1422,13.0
1423,14.0
1424,18.0
1425,27.0
1426,29.0
1427,21.0
1428,23.0
1429,26.0
1430,25.0
1431,24.0
1432,28.0
1433,29.0
1434,25.0
1435,19.0
1436,16.0
1437,18.0
1438,21.0
1439,21.0
1440,19.0
1441,22.0
1442,24.0
1443,25.0
1444,25.0
1445,19.0
1446,22.0
1447,20.0
1448,23.0
1449,29.0
1450,24.0
1451,24.0
1452,17.0
1453,13.0
1454,18.0
1455,16.0
1456,13.0
1457,15.0
1458,20.0
1459,24.0
1460,27.0
1461,25.0
1462,16.0
1463,9.0
1464,10.0
1465,15.0
1466,22.0
1467,25.0
1468,21.0
1469,17.0
1470,13.0
1471,15.0
1472,15.0
1473,24.0
1474,25.0
1475,25.0
1476,24.0
1477,23.0
1478,23.0
1479,21.0
1480,18.0
1481,27.0
1482,30.0
1483,30.0
1484,27.0
1485,31.0
1486,32.0
1487,35.0
1488,39.0
1489,34.0
1490,26.0
1491,21.0
1492,23.0
1493,22.0
1494,22.0
1495,21.0
1496,17.0
1497,18.0
1498,17.0
1499,22.0
1500,27.0
1501,32.0
1502,29.0
1503,19.0
1504,12.0
1505,12.0
1506,13.0
1507,22.0
1508,26.0
1509,28.0
1510,28.0
1511,22.0
1512,27.0
1513,29.0
1514,32.0
1515,40.0
1516,38.0
1517,29.0
1518,25.0
1519,21.0
1520,14.0
1521,18.0
1522,15.0
1523,16.0
1524,15.0
1525,15.0
1526,20.0
1527,17.0
1528,6.0
1529,5.0
1530,3.0
1531,0.0
1532,0.0
1533,0.0
1534,0.0
1535,0.0
1536,1.0
1537,0.0
1538,0.0
1539,0.0
1540,0.0
1541,0.0
1542,9.0
1543,4.0
1544,5.0
1545,8.0
1546,14.0
1547,21.0
1548,32.0
1549,27.0
1550,31.0
1551,32.0
1552,35.0
1553,33.0
1554,37.0
1555,48.0
1556,59.0
1557,59.0
1558,58.0
1559,61.0
1560,61.0
1561,56.0
1562,48.0
1563,43.0
1564,40.0
1565,39.0
1566,38.0
1567,40.0
1568,38.0
1569,36.0
1570,33.0
1571,24.0
1572,21.0
1573,23.0
1574,29.0
1575,30.0
1576,24.0
1577,23.0
1578,21.0
1579,34.0
1580,35.0
1581,28.0
1582,30.0
1583,25.0
1584,18.0
1585,24.0
1586,21.0
1587,21.0
1588,21.0
1589,21.0
1590,18.0
1591,18.0
1592,15.0
1593,13.0
1594,15.0
1595,17.0
1596,13.0
1597,17.0
1598,20.0
1599,24.0
1600,26.0
1601,30.0
1602,27.0
1603,25.0
1604,20.0
1605,16.0
1606,16.0
1607,20.0
1608,21.0
1609,25.0
1610,29.0
1611,37.0
1612,34.0
1613,19.0
1614,11.0
1615,15.0
1616,16.0
1617,21.0
1618,17.0
1619,16.0
1620,14.0
1621,20.0
1622,25.0
1623,25.0
1624,26.0
1625,32.0
1626,32.0
1627,26.0
1628,18.0
1629,18.0
1630,19.0
1631,13.0
1632,8.0
1633,5.0
1634,5.0
1635,10.0
1636,15.0
1637,16.0
1638,21.0
1639,22.0
1640,23.0
1641,27.0
1642,26.0
1643,22.0
1644,12.0
1645,14.0
1646,14.0
1647,18.0
1648,16.0
1649,15.0
1650,16.0
1651,14.0
1652,16.0
1653,16.0
1654,15.0
1655,16.0
1656,13.0
1657,14.0
1658,13.0
1659,17.0
1660,15.0
1661,13.0
1662,8.0
1663,7.0
1664,13.0
1665,22.0
1666,21.0
1667,19.0
1668,10.0
1669,6.0
1670,9.0
1671,8.0
1672,10.0
1673,9.0
1674,3.0
1675,3.0
1676,8.0
1677,9.0
1678,9.0
1679,5.0
1680,8.0
1681,11.0
1682,13.0
1683,10.0
1684,3.0
1685,1.0
1686,2.0
1687,1.0
1688,2.0
1689,0.0
1690,0.0
1691,0.0
1692,1.0
1693,4.0
1694,7.0
1695,7.0
1696,3.0
1697,9.0
1698,16.0
1699,17.0
1700,22.0
1701,23.0
1702,20.0
1703,15.0
1704,7.0
1705,4.0
1706,6.0
1707,6.0
1708,1.0
1709,2.0
1710,8.0
1711,12.0
1712,11.0
1713,12.0
1714,10.0
1715,10.0
1716,19.0
1717,18.0
1718,9.0
1719,6.0
1720,15.0
1721,16.0
1722,4.0
1723,8.0
1724,12.0
1725,4.0
1726,6.0
1727,10.0
1728,9.0
1729,9.0
1730,10.0
1731,11.0
1732,10.0
1733,12.0
1734,11.0
1735,11.0
1736,13.0
1737,13.0
1738,19.0
1739,25.0
1740,26.0
1741,20.0
1742,18.0
1743,15.0
1744,18.0
1745,23.0
1746,19.0
1747,19.0
1748,20.0
1749,21.0
1750,24.0
1751,21.0
1752,23.0
1753,27.0
1754,31.0
1755,24.0
1756,13.0
1757,14.0
1758,14.0
1759,15.0
1760,14.0
1761,19.0
1762,18.0
1763,20.0
1764,31.0
1765,39.0
1766,39.0
1767,36.0
1768,35.0
1769,35.0
1770,30.0
1771,26.0
1772,20.0
1773,21.0
1774,21.0
1775,25.0
1776,27.0
1777,29.0
1778,23.0
1779,20.0
1780,23.0
1781,26.0
1782,27.0
1783,18.0
1784,17.0
1785,18.0
1786,18.0
1787,19.0
1788,19.0
1789,18.0
1790,18.0
1791,23.0
1792,22.0
1793,13.0
1794,12.0
1795,17.0
1796,18.0
1797,13.0
1798,11.0
1799,12.0
1800,13.0
1801,15.0
1802,14.0
1803,19.0
1804,19.0
1805,24.0
1806,24.0
1807,18.0
1808,14.0
1809,20.0
1810,17.0
1811,18.0
1812,20.0
1813,21.0
1814,15.0
1815,14.0
1816,19.0
1817,28.0
1818,24.0
1819,22.0
1820,22.0
1821,18.0
1822,12.0
1823,12.0
1824,11.0
1825,18.0
1826,21.0
1827,23.0
1828,29.0
1829,31.0
1830,30.0
1831,24.0
1832,18.0
1833,19.0
1834,21.0
1835,20.0
1836,24.0
1837,21.0
1838,19.0
1839,19.0
1840,23.0
1841,27.0
1842,31.0
1843,31.0
1844,24.0
1845,21.0
1846,15.0
1847,22.0
1848,23.0
1849,19.0
1850,15.0
1851,10.0
1852,12.0
1853,14.0
1854,14.0
1855,16.0
1856,18.0
1857,19.0
1858,19.0
1859,20.0
1860,15.0
1861,18.0
1862,24.0
1863,15.0
1864,9.0
1865,14.0
1866,19.0
1867,19.0
1868,14.0
1869,19.0
1870,22.0
1871,20.0
1872,15.0
1873,18.0
1874,19.0
1875,18.0
1876,17.0
1877,10.0
1878,10.0
1879,16.0
1880,17.0
1881,18.0
1882,18.0
1883,15.0
1884,13.0
1885,13.0
1886,15.0
1887,23.0
1888,27.0
1889,28.0
1890,20.0
1891,16.0
1892,12.0
1893,12.0
1894,13.0
1895,10.0
1896,18.0
1897,30.0
1898,34.0
1899,26.0
1900,23.0
1901,28.0
1902,28.0
1903,22.0
1904,22.0
1905,20.0
1906,21.0
1907,24.0
1908,19.0
1909,22.0
1910,23.0
1911,22.0
1912,20.0
1913,29.0
1914,25.0
1915,19.0
1916,19.0
1917,19.0
1918,24.0
1919,25.0
1920,24.0
1921,25.0
1922,30.0
1923,35.0
1924,29.0
1925,24.0
1926,18.0
1927,12.0
1928,22.0
1929,20.0
1930,17.0
1931,5.0
1932,8.0
1933,11.0
1934,15.0
1935,15.0
1936,17.0
1937,20.0
1938,30.0
1939,29.0
1940,16.0
1941,10.0
1942,17.0
1943,15.0
1944,18.0
1945,28.0
1946,19.0
1947,18.0
1948,15.0
1949,19.0
1950,14.0
1951,15.0
1952,25.0
1953,21.0
1954,20.0
1955,23.0
1956,25.0
1957,27.0
1958,29.0
1959,27.0
1960,30.0
1961,33.0
1962,37.0
1963,35.0
1964,29.0
1965,31.0
1966,30.0
1967,24.0
1968,22.0
1969,21.0
1970,15.0
1971,13.0
1972,15.0
1973,12.0
1974,11.0
1975,7.0
1976,0.0
1977,1.0
1978,1.0
1979,1.0
1980,0.0
1981,0.0
1982,0.0
1983,0.0
1984,2.0
1985,5.0
1986,10.0
1987,22.0
1988,26.0
1989,16.0
1990,17.0
1991,21.0
1992,24.0
1993,30.0
1994,36.0
1995,40.0
1996,46.0
1997,44.0
1998,51.0
1999,47.0
2000,45.0
2001,38.0
2002,38.0
2003,41.0
2004,35.0
2005,37.0
2006,36.0
2007,28.0
2008,17.0
2009,15.0
2010,19.0
2011,20.0
2012,20.0
2013,18.0
2014,20.0
2015,19.0
2016,24.0
2017,25.0
2018,28.0
2019,31.0
2020,31.0
2021,27.0
2022,25.0
2023,28.0
2024,27.0
2025,25.0
2026,20.0
2027,20.0
2028,15.0
2029,16.0
2030,22.0
2031,25.0
2032,24.0
2033,25.0
2034,26.0
2035,27.0
2036,19.0
2037,21.0
2038,24.0
2039,28.0
2040,25.0
2041,22.0
2042,20.0
2043,25.0
2044,23.0
2045,20.0
2046,20.0
2047,25.0
2048,25.0
2049,20.0
2050,10.0
2051,7.0
2052,7.0
2053,14.0
2054,20.0
2055,24.0
2056,26.0
2057,21.0
2058,15.0
2059,13.0
2060,14.0
2061,18.0
2062,17.0
2063,11.0
2064,12.0
2065,12.0
2066,9.0
2067,9.0
2068,15.0
2069,15.0
2070,14.0
2071,16.0
2072,11.0
2073,10.0
2074,15.0
2075,14.0
2076,13.0
2077,15.0
2078,13.0
2079,14.0
2080,15.0
2081,16.0
2082,18.0
2083,19.0
2084,22.0
2085,20.0
2086,16.0
2087,10.0
2088,15.0
2089,11.0
2090,16.0
2091,16.0
2092,23.0
2093,16.0
2094,14.0
2095,15.0
2096,20.0
2097,22.0
2098,21.0
2099,19.0
2100,24.0
2101,23.0
2102,23.0
2103,26.0
2104,17.0
2105,14.0
2106,12.0
2107,13.0
2108,12.0
2109,13.0
2110,5.0
2111,7.0
2112,5.0
2113,5.0
2114,5.0
2115,8.0
2116,12.0
2117,16.0
2118,4.0
2119,0.0
2120,1.0
2121,4.0
2122,4.0
2123,9.0
2124,0.0
2125,0.0
2126,0.0
2127,1.0
2128,1.0
2129,8.0
2130,6.0
2131,7.0
2132,5.0
2133,6.0
2134,6.0
2135,6.0
2136,6.0
2137,0.0
2138,0.0
2139,0.0
2140,0.0
2141,0.0
2142,0.0
2143,5.0
2144,6.0
2145,8.0
2146,6.0
2147,12.0
2148,18.0
2149,15.0
2150,11.0
2151,10.0
2152,14.0
2153,14.0
2154,14.0
2155,15.0
2156,16.0
2157,18.0
2158,12.0
2159,5.0
2160,2.0
2161,11.0
2162,17.0
2163,19.0
2164,19.0
2165,21.0
2166,16.0
2167,12.0
2168,17.0
2169,20.0
2170,18.0
2171,17.0
2172,10.0
2173,9.0
2174,10.0
2175,12.0
2176,16.0
2177,20.0
2178,24.0
2179,19.0
2180,12.0
2181,12.0
2182,15.0
2183,13.0
2184,12.0
2185,16.0
2186,17.0
2187,12.0
2188,18.0
2189,18.0
2190,22.0
2191,19.0
2192,19.0
2193,29.0
2194,30.0
2195,22.0
2196,19.0
2197,16.0
2198,17.0
2199,14.0
2200,16.0
2201,22.0
2202,25.0
2203,21.0
2204,22.0
2205,25.0
2206,22.0
2207,20.0
2208,18.0
2209,21.0
2210,24.0
2211,26.0
2212,29.0
2213,29.0
2214,30.0
2215,28.0
2216,26.0
2217,21.0
2218,14.0
2219,20.0
2220,13.0
2221,14.0
2222,15.0
2223,11.0
2224,7.0
2225,14.0
2226,13.0
2227,16.0
2228,21.0
2229,27.0
2230,24.0
2231,24.0
2232,26.0
2233,25.0
2234,19.0
2235,17.0
2236,14.0
2237,12.0
2238,16.0
2239,18.0
2240,15.0
2241,11.0
2242,17.0
2243,22.0
2244,19.0
2245,18.0
2246,21.0
2247,26.0
2248,23.0
2249,17.0
2250,23.0
2251,23.0
2252,23.0
2253,14.0
2254,10.0
2255,6.0
2256,8.0
2257,14.0
2258,18.0
2259,22.0
2260,28.0
2261,30.0
2262,23.0
2263,19.0
2264,22.0
2265,24.0
2266,20.0
2267,28.0
2268,31.0
2269,30.0
2270,22.0
2271,15.0
2272,14.0
2273,11.0
2274,8.0
2275,6.0
2276,6.0
2277,13.0
2278,20.0
2279,25.0
2280,28.0
2281,22.0
2282,10.0
2283,7.0
2284,9.0
2285,17.0
2286,18.0
2287,15.0
2288,14.0
2289,19.0
2290,22.0
2291,23.0
2292,15.0
2293,16.0
2294,16.0
2295,14.0
2296,14.0
2297,18.0
2298,14.0
2299,15.0
2300,12.0
2301,15.0
2302,21.0
2303,20.0
2304,18.0
2305,13.0
2306,16.0
2307,17.0
2308,21.0
2309,19.0
2310,21.0
2311,19.0
2312,20.0
2313,23.0
2314,17.0
2315,14.0
2316,19.0
2317,14.0
2318,18.0
2319,22.0
2320,29.0
2321,25.0
2322,17.0
2323,7.0
2324,9.0
2325,14.0
2326,14.0
2327,17.0
2328,16.0
2329,13.0
2330,18.0
2331,21.0
2332,20.0
2333,18.0
2334,16.0
2335,18.0
2336,13.0
2337,12.0
2338,16.0
2339,14.0
2340,22.0
2341,16.0
2342,12.0
2343,12.0
2344,17.0
2345,16.0
2346,21.0
2347,19.0
2348,14.0
2349,13.0
2350,19.0
2351,30.0
2352,33.0
2353,31.0
2354,27.0
2355,22.0
2356,15.0
2357,16.0
2358,15.0
2359,16.0
2360,21.0
2361,22.0
2362,19.0
2363,20.0
2364,17.0
2365,19.0
2366,24.0
2367,21.0
2368,21.0
2369,21.0
2370,27.0
2371,28.0
2372,28.0
2373,32.0
2374,27.0
2375,25.0
2376,19.0
2377,14.0
2378,12.0
2379,15.0
2380,16.0
2381,16.0
2382,16.0
2383,14.0
2384,14.0
2385,18.0
2386,21.0
2387,18.0
2388,24.0
2389,31.0
2390,28.0
2391,19.0
2392,22.0
2393,27.0
2394,31.0
2395,28.0
2396,29.0
2397,24.0
2398,19.0
2399,16.0
2400,14.0
2401,10.0
2402,6.0
2403,6.0
2404,1.0
2405,0.0
2406,0.0
2407,0.0
2408,0.0
2409,3.0
2410,0.0
2411,0.0
2412,0.0
2413,0.0
2414,1.0
2415,3.0
2416,11.0
2417,13.0
2418,17.0
2419,16.0
2420,14.0
2421,23.0
2422,30.0
2423,34.0
2424,38.0
2425,45.0
2426,48.0
2427,41.0
2428,43.0
2429,47.0
2430,37.0
2431,29.0
2432,29.0
2433,25.0
2434,24.0
2435,20.0
2436,25.0
2437,22.0
2438,20.0
2439,25.0
2440,30.0
2441,33.0
2442,28.0
2443,21.0
2444,20.0
2445,23.0
2446,17.0
2447,11.0
2448,16.0
2449,20.0
2450,18.0
2451,18.0
2452,21.0
2453,22.0
2454,26.0
2455,27.0
2456,28.0
2457,22.0
2458,18.0
2459,15.0
2460,15.0
2461,13.0
2462,16.0
2463,16.0
2464,13.0
2465,14.0
2466,9.0
2467,9.0
2468,15.0
2469,22.0
2470,26.0
2471,22.0
2472,14.0
2473,15.0
2474,17.0
2475,25.0
2476,28.0
2477,22.0
2478,12.0
2479,14.0
2480,14.0
2481,12.0
2482,15.0
2483,20.0
2484,21.0
2485,19.0
2486,19.0
2487,22.0
2488,18.0
2489,12.0
2490,9.0
2491,10.0
2492,11.0
2493,13.0
2494,14.0
2495,16.0
2496,20.0
2497,20.0
2498,24.0
2499,20.0
2500,18.0
2501,15.0
2502,18.0
2503,20.0
2504,23.0
2505,19.0
2506,13.0
2507,8.0
2508,8.0
2509,14.0
2510,26.0
2511,21.0
2512,21.0
2513,23.0
2514,16.0
2515,11.0
2516,14.0
2517,14.0
2518,17.0
2519,14.0
2520,11.0
2521,14.0
2522,11.0
2523,7.0
2524,13.0
2525,15.0
2526,14.0
2527,10.0
2528,11.0
2529,7.0
2530,9.0
2531,6.0
2532,6.0
2533,11.0
2534,16.0
2535,13.0
2536,9.0
2537,9.0
2538,12.0
2539,11.0
2540,9.0
2541,11.0
2542,18.0
2543,21.0
2544,11.0
2545,8.0
2546,2.0
2547,4.0
2548,9.0
2549,5.0
2550,0.0
2551,2.0
2552,9.0
2553,15.0
2554,19.0
2555,14.0
2556,5.0
2557,4.0
2558,9.0
2559,9.0
2560,13.0
2561,4.0
2562,6.0
2563,5.0
2564,3.0
2565,7.0
2566,10.0
2567,7.0
2568,9.0
2569,12.0
2570,17.0
2571,17.0
2572,11.0
2573,3.0
2574,0.0
2575,1.0
2576,5.0
2577,2.0
2578,3.0
2579,12.0
2580,7.0
2581,9.0
2582,8.0
2583,2.0
2584,5.0
2585,9.0
2586,10.0
2587,11.0
2588,8.0
2589,8.0
2590,13.0
2591,15.0
2592,16.0
2593,21.0
2594,15.0
2595,14.0
2596,14.0
2597,14.0
2598,15.0
2599,14.0
2600,16.0
2601,16.0
2602,13.0
2603,15.0
2604,22.0
2605,16.0
2606,12.0
2607,16.0
2608,18.0
2609,19.0
2610,16.0
2611,17.0
2612,14.0
2613,18.0
2614,17.0
2615,21.0
2616,24.0
2617,17.0
2618,17.0
2619,20.0
2620,21.0
2621,25.0
2622,23.0
2623,22.0
2624,21.0
2625,24.0
2626,24.0
2627,24.0
2628,15.0
2629,16.0
2630,0.0
2631,1.0
2632,7.0
2633,13.0
2634,12.0
2635,16.0
2636,22.0
2637,19.0
2638,14.0
2639,15.0
2640,19.0
2641,19.0
2642,18.0
2643,17.0
2644,17.0
2645,15.0
2646,11.0
2647,22.0
2648,26.0
2649,31.0
2650,28.0
2651,25.0
2652,26.0
2653,27.0
2654,30.0
2655,29.0
2656,23.0
2657,22.0
2658,24.0
2659,32.0
2660,21.0
2661,22.0
2662,14.0
2663,16.0
2664,17.0
2665,15.0
2666,18.0
2667,26.0
2668,18.0
2669,17.0
2670,15.0
2671,9.0
2672,11.0
2673,14.0
2674,15.0
2675,18.0
2676,18.0
2677,18.0
2678,15.0
2679,13.0
2680,19.0
2681,16.0
2682,12.0
2683,12.0
2684,14.0
2685,17.0
2686,23.0
2687,17.0
2688,16.0
2689,19.0
2690,21.0
2691,20.0
2692,12.0
2693,12.0
2694,9.0
2695,5.0
2696,4.0
2697,8.0
2698,11.0
2699,11.0
2700,16.0
2701,16.0
2702,13.0
2703,11.0
2704,16.0
2705,17.0
2706,21.0
2707,27.0
2708,25.0
2709,22.0
2710,16.0
2711,17.0
2712,21.0
2713,30.0
2714,29.0
2715,25.0
2716,21.0
2717,19.0
2718,23.0
2719,22.0
2720,16.0
2721,11.0
2722,15.0
2723,20.0
2724,20.0
2725,19.0
2726,18.0
2727,23.0
2728,24.0
2729,30.0
2730,20.0
2731,12.0
2732,9.0
2733,11.0
2734,10.0
2735,9.0
2736,7.0
2737,13.0
2738,14.0
2739,20.0
2740,23.0
2741,18.0
2742,12.0
2743,17.0
2744,19.0
2745,20.0
2746,18.0
2747,16.0
2748,17.0
2749,17.0
2750,19.0
2751,11.0
2752,8.0
2753,1.0
2754,5.0
2755,5.0
2756,8.0
2757,6.0
2758,9.0
2759,17.0
2760,17.0
2761,18.0
2762,18.0
2763,14.0
2764,15.0
2765,19.0
2766,16.0
2767,14.0
2768,16.0
2769,17.0
2770,20.0
2771,19.0
2772,19.0
2773,20.0
2774,26.0
2775,22.0
2776,19.0
2777,18.0
2778,20.0
2779,16.0
2780,22.0
2781,25.0
2782,21.0
2783,18.0
2784,17.0
2785,12.0
2786,14.0
2787,16.0
2788,19.0
2789,19.0
2790,17.0
2791,16.0
2792,17.0
2793,15.0
2794,18.0
2795,15.0
2796,14.0
2797,17.0
2798,21.0
2799,18.0
2800,23.0
2801,24.0
2802,23.0
2803,20.0
2804,19.0
2805,25.0
2806,19.0
2807,13.0
2808,15.0
2809,16.0
2810,18.0
2811,24.0
2812,22.0
2813,21.0
2814,17.0
2815,18.0
2816,21.0
2817,19.0
2818,19.0
2819,19.0
2820,20.0
2821,20.0
2822,12.0
2823,10.0
2824,12.0
2825,17.0
2826,21.0
2827,17.0
2828,15.0
2829,11.0
2830,15.0
2831,20.0
2832,23.0
2833,23.0
2834,24.0
2835,25.0
2836,30.0
2837,32.0
2838,29.0
2839,26.0
2840,25.0
2841,18.0
2842,11.0
2843,7.0
2844,4.0
2845,0.0
2846,0.0
2847,0.0
2848,0.0
2849,0.0
2850,0.0
2851,0.0
2852,0.0
2853,0.0
2854,0.0
2855,0.0
2856,2.0
2857,4.0
2858,4.0
2859,9.0
2860,5.0
2861,8.0
2862,13.0
2863,15.0
2864,23.0
2865,33.0
2866,40.0
2867,41.0
2868,41.0
2869,44.0
2870,41.0
2871,37.0
2872,31.0
2873,25.0
2874,26.0
2875,28.0
2876,19.0
2877,19.0
2878,21.0
2879,20.0
2880,20.0
2881,24.0
2882,21.0
2883,21.0
2884,14.0
2885,14.0
2886,15.0
2887,19.0
2888,20.0
2889,16.0
2890,16.0
2891,16.0
2892,17.0
2893,21.0
2894,16.0
2895,15.0
2896,11.0
2897,6.0
2898,8.0
2899,18.0
2900,19.0
2901,19.0
2902,17.0
2903,19.0
2904,19.0
2905,21.0
2906,29.0
2907,22.0
2908,17.0
2909,16.0
2910,16.0
2911,13.0
2912,12.0
2913,16.0
2914,18.0
2915,14.0
2916,11.0
2917,10.0
2918,8.0
2919,10.0
2920,12.0
2921,14.0
2922,20.0
2923,16.0
2924,21.0
2925,20.0
2926,23.0
2927,17.0
2928,9.0
2929,9.0
2930,9.0
2931,7.0
2932,11.0
2933,14.0
2934,16.0
2935,19.0
2936,22.0
2937,23.0
2938,27.0
2939,23.0
2940,22.0
2941,21.0
2942,17.0
2943,10.0
2944,11.0
2945,11.0
2946,16.0
2947,12.0
2948,6.0
2949,12.0
2950,15.0
2951,18.0
2952,15.0
2953,9.0
2954,8.0
2955,18.0
2956,17.0
2957,13.0
2958,8.0
2959,12.0
2960,11.0
2961,9.0
2962,5.0
2963,10.0
2964,12.0
2965,15.0
2966,17.0
2967,21.0
2968,11.0
2969,7.0
2970,7.0
2971,12.0
2972,13.0
2973,11.0
2974,14.0
2975,11.0
2976,15.0
2977,19.0
2978,22.0
2979,14.0
2980,9.0
2981,1.0
2982,3.0
2983,6.0
2984,8.0
2985,12.0
2986,12.0
2987,14.0
2988,12.0
2989,13.0
2990,15.0
2991,14.0
2992,11.0
2993,3.0
2994,6.0
2995,5.0
2996,5.0
2997,4.0
2998,2.0
2999,5.0
3000,12.0
3001,7.0
3002,7.0
3003,7.0
3004,1.0
3005,4.0
3006,4.0
3007,7.0
3008,8.0
3009,12.0
3010,12.0
3011,10.0
3012,9.0
3013,6.0
3014,5.0
3015,2.0
3016,6.0
3017,9.0
3018,11.0
3019,13.0
3020,11.0
3021,3.0
3022,4.0
3023,10.0
3024,10.0
3025,9.0
3026,5.0
3027,4.0
3028,6.0
3029,11.0
3030,20.0
3031,17.0
3032,13.0
3033,9.0
3034,12.0
3035,8.0
3036,12.0
3037,13.0
3038,15.0
3039,11.0
3040,8.0
3041,8.0
3042,13.0
3043,17.0
3044,16.0
3045,18.0
3046,24.0
3047,25.0
3048,22.0
3049,22.0
3050,11.0
3051,9.0
3052,8.0
3053,0.0
3054,0.0
3055,0.0
3056,5.0
3057,9.0
3058,20.0
3059,27.0
3060,25.0
3061,21.0
3062,13.0
3063,13.0
3064,17.0
3065,15.0
3066,14.0
3067,17.0
3068,15.0
3069,21.0
3070,20.0
3071,23.0
3072,21.0
3073,16.0
3074,17.0
3075,22.0
3076,20.0
3077,20.0
3078,26.0
3079,29.0
3080,24.0
3081,18.0
3082,18.0
3083,15.0
3084,20.0
3085,21.0
3086,13.0
3087,16.0
3088,14.0
3089,12.0
3090,12.0
3091,14.0
3092,14.0
3093,17.0
3094,14.0
3095,10.0
3096,13.0
3097,15.0
3098,17.0
3099,17.0
3100,11.0
3101,12.0
3102,19.0
3103,15.0
3104,11.0
3105,15.0
3106,16.0
3107,19.0
3108,23.0
3109,23.0
3110,21.0
3111,23.0
3112,21.0
3113,16.0
3114,13.0
3115,15.0
3116,16.0
3117,15.0
3118,12.0
3119,14.0
3120,14.0
3121,12.0
3122,10.0
3123,9.0
3124,9.0
3125,11.0
3126,12.0
3127,13.0
3128,19.0
3129,18.0
3130,15.0
3131,16.0
3132,24.0
3133,28.0
3134,30.0
3135,28.0
3136,20.0
3137,13.0
3138,9.0
3139,15.0
3140,22.0
3141,20.0
3142,18.0
3143,15.0
3144,21.0
3145,20.0
3146,16.0
3147,10.0
3148,4.0
3149,5.0
3150,13.0
3151,16.0
3152,13.0
3153,9.0
3154,13.0
3155,19.0
3156,21.0
3157,19.0
3158,18.0
3159,22.0
3160,19.0
3161,22.0
3162,19.0
3163,18.0
3164,14.0
3165,13.0
3166,8.0
3167,7.0
3168,8.0
3169,15.0
3170,13.0
3171,13.0
3172,11.0
3173,15.0
3174,14.0
3175,9.0
3176,8.0
3177,14.0
3178,15.0
3179,13.0
3180,10.0
3181,7.0
3182,15.0
3183,20.0
3184,15.0
3185,7.0
3186,7.0
3187,10.0
3188,15.0
3189,15.0
3190,13.0
3191,12.0
3192,14.0
3193,20.0
3194,19.0
3195,22.0
3196,21.0
3197,16.0
3198,10.0
3199,7.0
3200,2.0
3201,11.0
3202,23.0
3203,22.0
3204,13.0
3205,15.0
3206,21.0
3207,18.0
3208,19.0
3209,24.0
3210,22.0
3211,19.0
3212,20.0
3213,16.0
3214,20.0
3215,19.0
3216,21.0
3217,19.0
3218,15.0
3219,19.0
3220,20.0
3221,22.0
3222,19.0
3223,20.0
3224,16.0
3225,13.0
3226,12.0
3227,10.0
3228,15.0
3229,14.0
3230,14.0
3231,14.0
3232,13.0
3233,18.0
3234,17.0
3235,18.0
3236,18.0
3237,18.0
3238,18.0
3239,15.0
3240,13.0
3241,7.0
3242,3.0
3243,13.0
3244,20.0
3245,16.0
3246,15.0
3247,11.0
3248,6.0
3249,11.0
3250,14.0
3251,12.0
3252,14.0
3253,19.0
3254,18.0
3255,17.0
3256,11.0
3257,5.0
3258,4.0
3259,7.0
3260,13.0
3261,13.0
3262,10.0
3263,9.0
3264,10.0
3265,18.0
3266,16.0
3267,9.0
3268,5.0
3269,12.0
3270,15.0
3271,21.0
3272,17.0
3273,21.0
3274,22.0
3275,22.0
3276,19.0
3277,25.0
3278,27.0
3279,26.0
3280,23.0
3281,19.0
3282,16.0
3283,20.0
3284,18.0
3285,15.0
3286,17.0
3287,17.0
3288,15.0
3289,11.0
3290,17.0
3291,20.0
3292,15.0
3293,18.0
3294,21.0
3295,19.0
3296,20.0
3297,24.0
3298,16.0
3299,14.0
3300,14.0
3301,17.0
3302,16.0
3303,10.0
3304,4.0
3305,6.0
3306,9.0
3307,12.0
3308,18.0
3309,19.0
3310,20.0
3311,19.0
3312,17.0
3313,25.0
3314,28.0
3315,32.0
3316,20.0
3317,16.0
3318,13.0
3319,7.0
3320,0.0
3321,0.0
3322,0.0
3323,0.0
3324,0.0
3325,0.0
3326,0.0
3327,0.0
3328,0.0
3329,0.0
3330,0.0
3331,0.0
3332,0.0
3333,0.0
3334,0.0
3335,0.0
3336,0.0
3337,0.0
3338,0.0
3339,1.0
3340,6.0
3341,9.0
3342,11.0
3343,20.0
3344,23.0
3345,29.0
3346,30.0
3347,32.0
3348,27.0
3349,30.0
3350,34.0
3351,35.0
3352,30.0
3353,30.0
3354,24.0
3355,20.0
3356,24.0
3357,27.0
3358,22.0
3359,23.0
3360,19.0
3361,18.0
3362,15.0
3363,10.0
3364,6.0
3365,6.0
3366,6.0
3367,8.0
3368,12.0
3369,16.0
3370,11.0
3371,3.0
3372,6.0
3373,7.0
3374,15.0
3375,19.0
3376,16.0
3377,20.0
3378,22.0
3379,22.0
3380,24.0
3381,18.0
3382,11.0
3383,5.0
3384,15.0
3385,17.0
3386,15.0
3387,14.0
3388,14.0
3389,8.0
3390,12.0
3391,16.0
3392,16.0
3393,12.0
3394,10.0
3395,14.0
3396,21.0
3397,23.0
3398,18.0
3399,19.0
3400,20.0
3401,20.0
3402,19.0
3403,16.0
3404,17.0
3405,18.0
3406,16.0
3407,14.0
3408,10.0
3409,10.0
3410,8.0
3411,9.0
3412,8.0
3413,11.0
3414,20.0
3415,25.0
3416,23.0
3417,11.0
3418,5.0
3419,8.0
3420,8.0
3421,9.0
3422,9.0
3423,10.0
3424,3.0
3425,5.0
3426,2.0
3427,11.0
3428,15.0
3429,10.0
3430,8.0
3431,5.0
3432,4.0
3433,9.0
3434,14.0
3435,18.0
3436,15.0
3437,10.0
3438,8.0
3439,11.0
3440,12.0
3441,13.0
3442,17.0
3443,22.0
3444,14.0
3445,3.0
3446,0.0
3447,12.0
3448,14.0
3449,11.0
3450,10.0
3451,7.0
3452,12.0
3453,14.0
3454,14.0
3455,20.0
3456,18.0
3457,23.0
3458,15.0
3459,9.0
3460,10.0
3461,13.0
3462,11.0
3463,5.0
3464,4.0
3465,10.0
3466,9.0
3467,1.0
3468,2.0
3469,3.0
3470,2.0
3471,2.0
3472,0.0
3473,2.0
3474,8.0
3475,9.0
3476,8.0
3477,11.0
3478,6.0
3479,5.0
3480,3.0
3481,0.0
3482,0.0
3483,0.0
3484,2.0
3485,3.0
3486,4.0
3487,5.0
3488,9.0
3489,5.0
3490,0.0
3491,0.0
3492,8.0
3493,10.0
3494,1.0
3495,0.0
3496,4.0
3497,14.0
3498,15.0
3499,13.0
3500,13.0
3501,10.0
3502,7.0
3503,1.0
3504,1.0
3505,0.0
3506,1.0
3507,3.0
3508,5.0
3509,3.0
3510,7.0
3511,9.0
3512,11.0
3513,9.0
3514,5.0
3515,2.0
3516,5.0
3517,7.0
3518,4.0
3519,7.0
3520,6.0
3521,11.0
3522,16.0
3523,17.0
3524,16.0
3525,19.0
3526,23.0
3527,17.0
3528,12.0
3529,10.0
3530,3.0
3531,2.0
3532,5.0
3533,11.0
3534,19.0
3535,17.0
3536,9.0
3537,3.0
3538,11.0
3539,12.0
3540,15.0
3541,15.0
3542,15.0
3543,11.0
3544,18.0
3545,24.0
3546,22.0
3547,18.0
3548,17.0
3549,14.0
3550,20.0
3551,19.0
3552,14.0
3553,9.0
3554,9.0
3555,14.0
3556,15.0
3557,15.0
3558,12.0
3559,12.0
3560,13.0
3561,12.0
3562,8.0
3563,10.0
3564,5.0
3565,10.0
3566,11.0
3567,11.0
3568,15.0
3569,12.0
3570,8.0
3571,7.0
3572,4.0
3573,8.0
3574,12.0
3575,16.0
3576,22.0
3577,23.0
3578,21.0
3579,20.0
3580,22.0
3581,21.0
3582,20.0
3583,17.0
3584,18.0
3585,13.0
3586,9.0
3587,7.0
3588,14.0
3589,16.0
3590,15.0
3591,19.0
3592,20.0
3593,24.0
3594,22.0
3595,14.0
3596,8.0
3597,16.0
3598,16.0
3599,15.0
3600,13.0
3601,9.0
3602,6.0
3603,8.0
3604,12.0
3605,10.0
3606,12.0
3607,12.0
3608,15.0
3609,12.0
3610,5.0
3611,5.0
3612,9.0
3613,13.0
3614,16.0
3615,17.0
3616,21.0
3617,20.0
3618,13.0
3619,17.0
3620,17.0
3621,20.0
3622,18.0
3623,19.0
3624,11.0
3625,8.0
3626,6.0
3627,6.0
3628,6.0
3629,7.0
3630,5.0
3631,6.0
3632,8.0
3633,9.0
3634,11.0
3635,17.0
3636,15.0
3637,17.0
3638,15.0
3639,14.0
3640,18.0
3641,18.0
3642,19.0
3643,18.0
3644,13.0
3645,14.0
3646,15.0
3647,8.0
3648,5.0
3649,4.0
3650,6.0
3651,4.0
3652,7.0
3653,11.0
3654,19.0
3655,16.0
3656,7.0
3657,13.0
3658,17.0
3659,23.0
3660,19.0
3661,17.0
3662,10.0
3663,10.0
3664,9.0
3665,7.0
3666,4.0
3667,0.0
3668,1.0
3669,6.0
3670,9.0
3671,8.0
3672,12.0
3673,16.0
3674,14.0
3675,15.0
3676,22.0
3677,21.0
3678,21.0
3679,24.0
3680,17.0
3681,13.0
3682,12.0
3683,11.0
3684,9.0
3685,8.0
3686,5.0
3687,7.0
3688,9.0
3689,10.0
3690,9.0
3691,7.0
3692,12.0
3693,9.0
3694,9.0
3695,7.0
3696,11.0
3697,15.0
3698,20.0
3699,21.0
3700,19.0
3701,13.0
3702,15.0
3703,15.0
3704,11.0
3705,14.0
3706,18.0
3707,15.0
3708,10.0
3709,12.0
3710,9.0
3711,11.0
3712,6.0
3713,0.0
3714,0.0
3715,0.0
3716,10.0
3717,21.0
3718,23.0
3719,26.0
3720,23.0
3721,13.0
3722,12.0
3723,16.0
3724,10.0
3725,5.0
3726,2.0
3727,3.0
3728,5.0
3729,8.0
3730,11.0
3731,22.0
3732,21.0
3733,19.0
3734,14.0
3735,11.0
3736,8.0
3737,9.0
3738,11.0
3739,6.0
3740,1.0
3741,6.0
3742,7.0
3743,11.0
3744,17.0
3745,24.0
3746,22.0
3747,18.0
3748,14.0
3749,16.0
3750,16.0
3751,15.0
3752,15.0
3753,7.0
3754,6.0
3755,8.0
3756,7.0
3757,4.0
3758,8.0
3759,12.0
3760,14.0
3761,13.0
3762,15.0
3763,18.0
3764,19.0
3765,16.0
3766,14.0
3767,3.0
3768,0.0
3769,0.0
3770,5.0
3771,9.0
3772,5.0
3773,8.0
3774,11.0
3775,10.0
3776,9.0
3777,4.0
3778,11.0
3779,18.0
3780,16.0
3781,14.0
3782,17.0
3783,15.0
3784,11.0
3785,9.0
3786,8.0
3787,14.0
3788,15.0
3789,15.0
3790,10.0
3791,12.0
3792,14.0
3793,10.0
3794,9.0
3795,7.0
3796,6.0
3797,8.0
3798,7.0
3799,0.0
3800,0.0
3801,7.0
3802,17.0
3803,13.0
3804,16.0
3805,23.0
3806,23.0
3807,21.0
3808,12.0
3809,10.0
3810,17.0
3811,22.0
3812,20.0
3813,17.0
3814,14.0
3815,16.0
3816,26.0
3817,21.0
3818,18.0
3819,14.0
3820,11.0
3821,13.0
3822,8.0
3823,8.0
3824,8.0
3825,4.0
3826,3.0
3827,2.0
3828,7.0
3829,14.0
3830,18.0
3831,26.0
3832,26.0
3833,29.0
3834,21.0
3835,17.0
3836,20.0
3837,14.0
3838,16.0
3839,14.0
3840,12.0
3841,2.0
3842,0.0
3843,0.0
3844,0.0
3845,0.0
3846,0.0
3847,0.0
3848,0.0
3849,0.0
3850,0.0
3851,0.0
3852,0.0
3853,0.0
3854,0.0
3855,0.0
3856,0.0
3857,0.0
3858,0.0
3859,2.0
3860,13.0
3861,6.0
3862,1.0
3863,0.0
3864,2.0
3865,4.0
3866,1.0
3867,5.0
3868,15.0
3869,27.0
3870,37.0
3871,36.0
3872,38.0
3873,37.0
3874,40.0
3875,43.0
3876,39.0
3877,34.0
3878,20.0
3879,16.0
3880,16.0
3881,15.0
3882,16.0
3883,16.0
3884,17.0
3885,12.0
3886,7.0
3887,7.0
3888,4.0
3889,6.0
3890,9.0
3891,12.0
3892,13.0
3893,9.0
3894,14.0
3895,19.0
3896,26.0
3897,23.0
3898,20.0
3899,18.0
3900,15.0
3901,19.0
3902,19.0
3903,14.0
3904,14.0
3905,11.0
3906,3.0
3907,1.0
3908,5.0
3909,6.0
3910,7.0
3911,9.0
3912,15.0
3913,16.0
3914,12.0
3915,7.0
3916,1.0
3917,4.0
3918,5.0
3919,4.0
3920,7.0
3921,13.0
3922,15.0
3923,10.0
3924,8.0
3925,12.0
3926,9.0
3927,9.0
3928,6.0
3929,2.0
3930,6.0
3931,7.0
3932,11.0
3933,15.0
3934,9.0
3935,12.0
3936,6.0
3937,6.0
3938,18.0
3939,21.0
3940,22.0
3941,11.0
3942,0.0
3943,0.0
3944,0.0
3945,4.0
3946,8.0
3947,11.0
3948,6.0
3949,11.0
3950,6.0
3951,4.0
3952,11.0
3953,16.0
3954,12.0
3955,12.0
3956,13.0
3957,17.0
3958,14.0
3959,7.0
3960,10.0
3961,20.0
3962,12.0
3963,6.0
3964,7.0
3965,5.0
3966,4.0
3967,10.0
3968,11.0
3969,6.0
3970,0.0
3971,0.0
3972,0.0
3973,0.0
3974,0.0
3975,0.0
3976,0.0
3977,0.0
3978,1.0
3979,5.0
3980,4.0
3981,0.0
3982,2.0
3983,6.0
3984,8.0
3985,8.0
3986,16.0
3987,14.0
3988,8.0
3989,4.0
3990,1.0
3991,0.0
3992,0.0
3993,0.0
3994,1.0
3995,1.0
3996,6.0
3997,0.0
3998,0.0
3999,0.0
4000,1.0
4001,6.0
4002,3.0
4003,3.0
4004,3.0
4005,3.0
4006,1.0
4007,4.0
4008,3.0
4009,0.0
4010,0.0
4011,0.0
4012,0.0
4013,0.0
4014,3.0
4015,10.0
4016,11.0
4017,11.0
4018,12.0
4019,9.0
4020,4.0
4021,0.0
4022,0.0
4023,0.0
4024,0.0
4025,0.0
4026,0.0
4027,0.0
4028,0.0
4029,0.0
4030,0.0
4031,1.0
4032,1.0
4033,0.0
4034,6.0
4035,8.0
4036,7.0
4037,4.0
4038,6.0
4039,4.0
4040,1.0
4041,0.0
4042,0.0
4043,1.0
4044,3.0
4045,4.0
4046,4.0
4047,9.0
4048,3.0
4049,3.0
4050,7.0
4051,10.0
4052,6.0
4053,0.0
4054,0.0
4055,1.0
4056,2.0
4057,0.0
4058,0.0
4059,0.0
4060,9.0
4061,13.0
4062,8.0
4063,15.0
4064,17.0
4065,14.0
4066,11.0
4067,6.0
4068,7.0
4069,14.0
4070,11.0
4071,10.0
4072,0.0
4073,0.0
4074,0.0
4075,0.0
4076,14.0
4077,22.0
4078,18.0
4079,17.0
4080,22.0
4081,24.0
4082,15.0
4083,15.0
4084,16.0
4085,12.0
4086,10.0
4087,13.0
4088,16.0
4089,16.0
4090,12.0
4091,10.0
4092,10.0
4093,21.0
4094,19.0
4095,13.0
4096,10.0
4097,12.0
4098,9.0
4099,7.0
4100,6.0
4101,10.0
4102,7.0
4103,4.0
4104,6.0
4105,9.0
4106,15.0
4107,12.0
4108,9.0
4109,8.0
4110,12.0
4111,11.0
4112,14.0
4113,16.0
4114,7.0
4115,1.0
4116,12.0
4117,15.0
4118,17.0
4119,15.0
4120,12.0
4121,10.0
4122,13.0
4123,11.0
4124,5.0
4125,0.0
4126,1.0
4127,7.0
4128,11.0
4129,7.0
4130,9.0
4131,9.0
4132,14.0
4133,17.0
4134,16.0
4135,19.0
4136,20.0
4137,10.0
4138,8.0
4139,7.0
4140,13.0
4141,11.0
4142,11.0
4143,9.0
4144,8.0
4145,4.0
4146,5.0
4147,12.0
4148,13.0
4149,14.0
4150,15.0
4151,10.0
4152,12.0
4153,11.0
4154,8.0
4155,11.0
4156,11.0
4157,4.0
4158,7.0
4159,11.0
4160,20.0
4161,24.0
4162,21.0
4163,14.0
4164,4.0
4165,1.0
4166,0.0
4167,2.0
4168,1.0
4169,2.0
4170,10.0
4171,12.0
4172,12.0
4173,13.0
4174,17.0
4175,17.0
4176,17.0
4177,14.0
4178,14.0
4179,16.0
4180,6.0
4181,4.0
4182,0.0
4183,0.0
4184,0.0
4185,6.0
4186,9.0
4187,9.0
4188,10.0
4189,12.0
4190,13.0
4191,7.0
4192,8.0
4193,5.0
4194,4.0
4195,7.0
4196,14.0
4197,8.0
4198,5.0
4199,8.0
4200,10.0
4201,10.0
4202,17.0
4203,23.0
4204,18.0
4205,20.0
4206,16.0
4207,17.0
4208,15.0
4209,17.0
4210,18.0
4211,16.0
4212,12.0
4213,6.0
4214,8.0
4215,13.0
4216,17.0
4217,17.0
4218,18.0
4219,9.0
4220,13.0
4221,21.0
4222,18.0
4223,11.0
4224,1.0
4225,5.0
4226,2.0
4227,2.0
4228,3.0
4229,6.0
4230,12.0
4231,11.0
4232,14.0
4233,11.0
4234,8.0
4235,17.0
4236,16.0
4237,12.0
4238,12.0
4239,13.0
4240,6.0
4241,4.0
4242,7.0
4243,13.0
4244,12.0
4245,13.0
4246,14.0
4247,16.0
4248,14.0
4249,12.0
4250,5.0
4251,0.0
4252,0.0
4253,4.0
4254,11.0
4255,3.0
4256,6.0
4257,11.0
4258,15.0
4259,13.0
4260,10.0
4261,16.0
4262,21.0
4263,15.0
4264,5.0
4265,12.0
4266,13.0
4267,10.0
4268,14.0
4269,17.0
4270,16.0
4271,16.0
4272,15.0
4273,19.0
4274,13.0
4275,17.0
4276,10.0
4277,10.0
4278,15.0
4279,13.0
4280,8.0
4281,0.0
4282,3.0
4283,8.0
4284,10.0
4285,15.0
4286,14.0
4287,8.0
4288,11.0
4289,12.0
4290,14.0
4291,19.0
4292,18.0
4293,11.0
4294,4.0
4295,6.0
4296,6.0
4297,7.0
4298,6.0
4299,8.0
4300,6.0
4301,9.0
4302,14.0
4303,15.0
4304,15.0
4305,13.0
4306,15.0
4307,15.0
4308,6.0
4309,1.0
4310,5.0
4311,8.0
4312,11.0
4313,17.0
4314,17.0
4315,10.0
4316,12.0
4317,11.0
4318,12.0
4319,15.0
4320,20.0
4321,21.0
4322,16.0
4323,15.0
4324,15.0
4325,14.0
4326,9.0
4327,11.0
4328,5.0
4329,5.0
4330,0.0
4331,2.0
4332,6.0
4333,10.0
4334,15.0
4335,21.0
4336,22.0
4337,21.0
4338,17.0
4339,21.0
4340,21.0
4341,19.0
4342,15.0
4343,14.0
4344,15.0
4345,16.0
4346,12.0
4347,0.0
4348,0.0
4349,0.0
4350,0.0
4351,0.0
4352,0.0
4353,0.0
4354,0.0
4355,0.0
4356,0.0
4357,0.0
4358,0.0
4359,0.0
4360,0.0
4361,0.0
4362,0.0
4363,0.0
4364,0.0
4365,0.0
4366,0.0
4367,0.0
4368,5.0
4369,10.0
4370,16.0
4371,22.0
4372,22.0
4373,27.0
4374,25.0
4375,31.0
4376,36.0
4377,40.0
4378,45.0
4379,40.0
4380,40.0
4381,41.0
4382,34.0
4383,29.0
4384,25.0
4385,35.0
4386,29.0
4387,27.0
4388,22.0
4389,22.0
4390,21.0
4391,24.0
4392,25.0
4393,20.0
4394,23.0
4395,25.0
4396,23.0
4397,17.0
4398,9.0
4399,11.0
4400,6.0
4401,8.0
4402,11.0
4403,16.0
4404,16.0
4405,13.0
4406,12.0
4407,11.0
4408,10.0
4409,10.0
4410,12.0
4411,12.0
4412,3.0
4413,6.0
4414,14.0
4415,19.0
4416,14.0
4417,16.0
4418,16.0
4419,14.0
4420,14.0
4421,13.0
4422,17.0
4423,19.0
4424,20.0
4425,13.0
4426,10.0
4427,8.0
4428,0.0
4429,1.0
4430,0.0
4431,3.0
4432,3.0
4433,3.0
4434,6.0
4435,5.0
4436,6.0
4437,11.0
4438,16.0
4439,13.0
4440,6.0
4441,6.0
4442,6.0
4443,6.0
4444,7.0
4445,6.0
4446,5.0
4447,5.0
4448,11.0
4449,7.0
4450,5.0
4451,3.0
4452,11.0
4453,11.0
4454,8.0
4455,10.0
4456,7.0
4457,16.0
4458,11.0
4459,10.0
4460,10.0
4461,12.0
4462,12.0
4463,9.0
4464,8.0
4465,2.0
4466,7.0
4467,7.0
4468,4.0
4469,2.0
4470,3.0
4471,4.0
4472,2.0
4473,0.0
4474,0.0
4475,5.0
4476,0.0
4477,9.0
4478,12.0
4479,16.0
4480,15.0
4481,5.0
4482,4.0
4483,9.0
4484,10.0
4485,13.0
4486,13.0
4487,5.0
4488,5.0
4489,1.0
4490,3.0
4491,7.0
4492,7.0
4493,4.0
4494,0.0
4495,0.0
4496,0.0
4497,0.0
4498,0.0
4499,0.0
4500,0.0
4501,0.0
4502,0.0
4503,0.0
4504,0.0
4505,0.0
4506,0.0
4507,0.0
4508,1.0
4509,0.0
4510,0.0
4511,0.0
4512,0.0
4513,0.0
4514,0.0
4515,0.0
4516,0.0
4517,0.0
4518,0.0
4519,0.0
4520,0.0
4521,0.0
4522,0.0
4523,0.0
4524,0.0
4525,0.0
4526,4.0
4527,5.0
4528,0.0
4529,0.0
4530,2.0
4531,4.0
4532,0.0
4533,0.0
4534,0.0
4535,0.0
4536,1.0
4537,3.0
4538,0.0
4539,1.0
4540,3.0
4541,11.0
4542,9.0
4543,1.0
4544,0.0
4545,4.0
4546,3.0
4547,3.0
4548,1.0
4549,1.0
4550,3.0
4551,7.0
4552,8.0
4553,9.0
4554,10.0
4555,12.0
4556,8.0
4557,9.0
4558,9.0
4559,7.0
4560,2.0
4561,3.0
4562,6.0
4563,2.0
4564,7.0
4565,7.0
4566,6.0
4567,7.0
4568,14.0
4569,18.0
4570,12.0
4571,7.0
4572,3.0
4573,4.0
4574,7.0
4575,4.0
4576,0.0
4577,7.0
4578,5.0
4579,0.0
4580,0.0
4581,8.0
4582,5.0
4583,8.0
4584,5.0
4585,4.0
4586,9.0
4587,14.0
4588,17.0
4589,24.0
4590,29.0
4591,24.0
4592,23.0
4593,19.0
4594,24.0
4595,22.0
4596,15.0
4597,14.0
4598,14.0
4599,8.0
4600,3.0
4601,12.0
4602,14.0
4603,11.0
4604,5.0
4605,14.0
4606,18.0
4607,17.0
4608,15.0
4609,16.0
4610,16.0
4611,23.0
4612,25.0
4613,22.0
4614,21.0
4615,15.0
4616,9.0
4617,9.0
4618,14.0
4619,12.0
4620,9.0
4621,7.0
4622,2.0
4623,5.0
4624,10.0
4625,11.0
4626,17.0
4627,16.0
4628,20.0
4629,21.0
4630,17.0
4631,15.0
4632,16.0
4633,18.0
4634,21.0
4635,17.0
4636,10.0
4637,4.0
4638,4.0
4639,5.0
4640,3.0
4641,0.0
4642,1.0
4643,0.0
4644,8.0
4645,6.0
4646,9.0
4647,10.0
4648,4.0
4649,4.0
4650,5.0
4651,4.0
4652,4.0
4653,4.0
4654,7.0
4655,11.0
4656,15.0
4657,13.0
4658,5.0
4659,4.0
4660,4.0
4661,10.0
4662,4.0
4663,5.0
4664,8.0
4665,6.0
4666,5.0
4667,7.0
4668,7.0
4669,11.0
4670,16.0
4671,13.0
4672,14.0
4673,16.0
4674,19.0
4675,20.0
4676,16.0
4677,19.0
4678,24.0
4679,22.0
4680,17.0
4681,11.0
4682,20.0
4683,24.0
4684,30.0
4685,27.0
4686,18.0
4687,19.0
4688,10.0
4689,3.0
4690,2.0
4691,2.0
4692,1.0
4693,0.0
4694,2.0
4695,4.0
4696,7.0
4697,10.0
4698,6.0
4699,2.0
4700,7.0
4701,12.0
4702,13.0
4703,11.0
4704,4.0
4705,2.0
4706,4.0
4707,11.0
4708,11.0
4709,10.0
4710,8.0
4711,14.0
4712,10.0
4713,6.0
4714,13.0
4715,16.0
4716,15.0
4717,12.0
4718,5.0
4719,0.0
4720,0.0
4721,2.0
4722,12.0
4723,8.0
4724,6.0
4725,6.0
4726,6.0
4727,14.0
4728,17.0
4729,16.0
4730,15.0
4731,13.0
4732,12.0
4733,15.0
4734,11.0
4735,7.0
4736,6.0
4737,7.0
4738,11.0
4739,18.0
4740,19.0
4741,20.0
4742,27.0
4743,27.0
4744,20.0
4745,13.0
4746,14.0
4747,13.0
4748,7.0
4749,2.0
4750,1.0
4751,5.0
4752,8.0
4753,5.0
4754,5.0
4755,8.0
4756,14.0
4757,16.0
4758,17.0
4759,15.0
4760,8.0
4761,10.0
4762,21.0
4763,19.0
4764,15.0
4765,15.0
4766,7.0
4767,12.0
4768,14.0
4769,14.0
4770,9.0
4771,13.0
4772,5.0
4773,1.0
4774,6.0
4775,11.0
4776,8.0
4777,0.0
4778,5.0
4779,12.0
4780,12.0
4781,12.0
4782,11.0
4783,9.0
4784,19.0
4785,22.0
4786,14.0
4787,1.0
4788,2.0
4789,9.0
4790,12.0
4791,13.0
4792,12.0
4793,14.0
4794,15.0
4795,16.0
4796,23.0
4797,24.0
4798,24.0
4799,20.0
4800,15.0
4801,6.0
4802,12.0
4803,14.0
4804,14.0
4805,18.0
4806,15.0
4807,14.0
4808,12.0
4809,11.0
4810,11.0
4811,12.0
4812,19.0
4813,21.0
4814,23.0
4815,19.0
4816,17.0
4817,16.0
4818,21.0
4819,15.0
4820,16.0
4821,14.0
4822,6.0
4823,4.0
4824,0.0
4825,0.0
4826,0.0
4827,0.0
4828,0.0
4829,0.0
4830,0.0
4831,0.0
4832,0.0
4833,0.0
4834,0.0
4835,0.0
4836,0.0
4837,0.0
4838,2.0
4839,4.0
4840,4.0
4841,0.0
4842,0.0
4843,6.0
4844,11.0
4845,16.0
4846,16.0
4847,14.0
4848,19.0
4849,33.0
4850,40.0
4851,41.0
4852,44.0
4853,41.0
4854,40.0
4855,47.0
4856,43.0
4857,35.0
4858,25.0
4859,19.0
4860,17.0
4861,15.0
4862,16.0
4863,20.0
4864,22.0
4865,18.0
4866,15.0
4867,17.0
4868,17.0
4869,17.0
4870,16.0
4871,8.0
4872,6.0
4873,8.0
4874,8.0
4875,8.0
4876,11.0
4877,17.0
4878,19.0
4879,20.0
4880,26.0
4881,18.0
4882,10.0
4883,9.0
4884,8.0
4885,13.0
4886,17.0
4887,13.0
4888,11.0
4889,8.0
4890,7.0
4891,9.0
4892,16.0
4893,14.0
4894,9.0
4895,12.0
4896,17.0
4897,11.0
4898,7.0
4899,9.0
4900,16.0
4901,7.0
4902,0.0
4903,0.0
4904,2.0
4905,5.0
4906,9.0
4907,9.0
4908,12.0
4909,13.0
4910,15.0
4911,20.0
4912,16.0
4913,9.0
4914,7.0
4915,4.0
4916,4.0
4917,8.0
4918,5.0
4919,0.0
4920,1.0
4921,4.0
4922,5.0
4923,8.0
4924,7.0
4925,13.0
4926,18.0
4927,7.0
4928,2.0
4929,10.0
4930,8.0
4931,3.0
4932,5.0
4933,8.0
4934,8.0
4935,12.0
4936,14.0
4937,11.0
4938,6.0
4939,9.0
4940,10.0
4941,13.0
4942,12.0
4943,3.0
4944,3.0
4945,15.0
4946,13.0
4947,8.0
4948,4.0
4949,4.0
4950,2.0
4951,4.0
4952,6.0
4953,8.0
4954,6.0
4955,7.0
4956,4.0
4957,0.0
4958,0.0
4959,2.0
4960,2.0
4961,0.0
4962,2.0
4963,1.0
4964,0.0
4965,4.0
4966,0.0
4967,3.0
4968,0.0
4969,0.0
4970,0.0
4971,1.0
4972,0.0
4973,0.0
4974,0.0
4975,0.0
4976,0.0
4977,0.0
4978,0.0
4979,0.0
4980,0.0
4981,0.0
4982,0.0
4983,0.0
4984,0.0
4985,0.0
4986,0.0
4987,0.0
4988,0.0
4989,1.0
4990,9.0
4991,5.0
4992,3.0
4993,1.0
4994,0.0
4995,1.0
4996,6.0
4997,7.0
4998,0.0
4999,0.0
