,Amplitude
0,8.0
1,367.0
2,338.0
3,299.0
4,273.0
5,248.0
6,223.0
7,205.0
8,206.0
9,221.0
10,271.0
11,320.0
12,351.0
13,361.0
14,354.0
15,329.0
16,288.0
17,267.0
18,0.0
19,214.0
20,215.0
21,240.0
22,286.0
23,324.0
24,360.0
25,379.0
26,367.0
27,338.0
28,299.0
29,273.0
30,248.0
31,223.0
32,205.0
33,206.0
34,221.0
35,271.0
36,320.0
37,351.0
38,361.0
39,354.0
40,329.0
41,288.0
42,267.0
43,0.0
44,214.0
45,215.0
46,240.0
47,286.0
48,324.0
49,360.0
50,379.0
51,367.0
52,338.0
53,299.0
54,273.0
55,248.0
56,223.0
57,205.0
58,206.0
59,221.0
60,271.0
61,320.0
62,351.0
63,361.0
64,354.0
65,329.0
66,288.0
67,267.0
68,0.0
69,254.0
70,289.0
71,318.0
72,332.0
73,312.0
74,273.0
75,234.0
76,219.0
77,198.0
78,181.0
79,171.0
80,172.0
81,195.0
82,245.0
83,288.0
84,334.0
85,345.0
86,323.0
87,281.0
88,241.0
89,224.0
90,191.0
91,170.0
92,160.0
93,165.0
94,196.0
95,240.0
96,280.0
97,320.0
98,334.0
99,316.0
100,280.0
101,226.0
102,215.0
103,188.0
104,173.0
105,165.0
106,175.0
107,202.0
108,247.0
109,279.0
110,316.0
111,327.0
112,304.0
113,277.0
114,237.0
115,223.0
116,193.0
117,173.0
118,155.0
119,162.0
120,179.0
121,222.0
122,267.0
123,303.0
124,318.0
125,309.0
126,277.0
127,235.0
128,225.0
129,200.0
130,170.0
131,158.0
132,164.0
133,177.0
134,221.0
135,255.0
136,292.0
137,315.0
138,303.0
139,266.0
140,229.0
141,205.0
142,180.0
143,154.0
144,136.0
145,140.0
146,162.0
147,214.0
148,259.0
149,300.0
150,310.0
151,295.0
152,268.0
153,224.0
154,207.0
155,177.0
156,156.0
157,145.0
158,141.0
159,158.0
160,207.0
161,251.0
162,293.0
163,312.0
164,295.0
165,267.0
166,222.0
167,194.0
168,176.0
169,157.0
170,137.0
171,138.0
172,155.0
173,205.0
174,245.0
175,293.0
176,312.0
177,309.0
178,283.0
179,241.0
180,213.0
181,191.0
182,163.0
183,147.0
184,144.0
185,173.0
186,221.0
187,265.0
188,305.0
189,321.0
190,311.0
191,280.0
192,226.0
193,205.0
194,196.0
195,177.0
196,159.0
197,161.0
198,187.0
199,230.0
200,268.0
201,313.0
202,333.0
203,328.0
204,304.0
205,261.0
206,228.0
207,208.0
208,177.0
209,161.0
210,164.0
211,186.0
212,223.0
213,276.0
214,322.0
215,339.0
216,334.0
217,311.0
218,266.0
219,233.0
220,215.0
221,180.0
222,167.0
223,167.0
224,189.0
225,227.0
226,272.0
227,313.0
228,345.0
229,341.0
230,315.0
231,258.0
232,227.0
233,208.0
234,180.0
235,160.0
236,162.0
237,181.0
238,231.0
239,274.0
240,315.0
241,342.0
242,344.0
243,317.0
244,274.0
245,240.0
246,225.0
247,185.0
248,167.0
249,155.0
250,173.0
251,213.0
252,258.0
253,301.0
254,334.0
255,340.0
256,312.0
257,274.0
258,238.0
259,233.0
260,198.0
261,170.0
262,167.0
263,184.0
264,227.0
265,272.0
266,321.0
267,344.0
268,343.0
269,315.0
270,268.0
271,234.0
272,220.0
273,192.0
274,168.0
275,165.0
276,181.0
277,212.0
278,252.0
279,300.0
280,335.0
281,339.0
282,318.0
283,276.0
284,237.0
285,222.0
286,190.0
287,180.0
288,167.0
289,175.0
290,213.0
291,258.0
292,304.0
293,334.0
294,344.0
295,325.0
296,284.0
297,244.0
298,232.0
299,198.0
300,174.0
301,160.0
302,173.0
303,202.0
304,259.0
305,304.0
306,338.0
307,344.0
308,324.0
309,278.0
310,232.0
311,231.0
312,197.0
313,172.0
314,171.0
315,187.0
316,220.0
317,259.0
318,300.0
319,327.0
320,333.0
321,314.0
322,279.0
323,247.0
324,230.0
325,200.0
326,177.0
327,168.0
328,179.0
329,206.0
330,250.0
331,290.0
332,334.0
333,341.0
334,325.0
335,280.0
336,240.0
337,229.0
338,194.0
339,176.0
340,169.0
341,177.0
342,206.0
343,255.0
344,297.0
345,332.0
346,340.0
347,324.0
348,294.0
349,255.0
350,237.0
351,202.0
352,176.0
353,167.0
354,175.0
355,205.0
356,249.0
357,288.0
358,321.0
359,335.0
360,325.0
361,293.0
362,249.0
363,228.0
364,193.0
365,171.0
366,163.0
367,171.0
368,196.0
369,249.0
370,296.0
371,329.0
372,336.0
373,316.0
374,290.0
375,252.0
376,237.0
377,207.0
378,181.0
379,172.0
380,178.0
381,196.0
382,244.0
383,290.0
384,338.0
385,348.0
386,326.0
387,295.0
388,245.0
389,226.0
390,197.0
391,175.0
392,162.0
393,168.0
394,190.0
395,236.0
396,283.0
397,326.0
398,344.0
399,337.0
400,302.0
401,249.0
402,217.0
403,186.0
404,174.0
405,161.0
406,161.0
407,184.0
408,235.0
409,281.0
410,326.0
411,346.0
412,326.0
413,291.0
414,250.0
415,227.0
416,196.0
417,169.0
418,157.0
419,164.0
420,188.0
421,223.0
422,266.0
423,310.0
424,326.0
425,326.0
426,296.0
427,248.0
428,232.0
429,210.0
430,188.0
431,169.0
432,174.0
433,192.0
434,229.0
435,266.0
436,312.0
437,332.0
438,324.0
439,296.0
440,254.0
441,235.0
442,213.0
443,182.0
444,174.0
445,182.0
446,203.0
447,246.0
448,283.0
449,323.0
450,345.0
451,330.0
452,307.0
453,259.0
454,233.0
455,215.0
456,195.0
457,171.0
458,173.0
459,193.0
460,238.0
461,277.0
462,318.0
463,337.0
464,331.0
465,306.0
466,262.0
467,244.0
468,220.0
469,188.0
470,172.0
471,175.0
472,193.0
473,239.0
474,281.0
475,327.0
476,348.0
477,345.0
478,318.0
479,266.0
480,235.0
481,214.0
482,176.0
483,155.0
484,156.0
485,175.0
486,218.0
487,255.0
488,295.0
489,322.0
490,324.0
491,300.0
492,259.0
493,225.0
494,210.0
495,175.0
496,166.0
497,161.0
498,185.0
499,223.0
500,260.0
501,304.0
502,331.0
503,344.0
504,328.0
505,290.0
506,269.0
507,256.0
508,223.0
509,209.0
510,202.0
511,219.0
512,258.0
513,302.0
514,338.0
515,366.0
516,373.0
517,355.0
518,313.0
519,271.0
520,248.0
521,218.0
522,196.0
523,188.0
524,203.0
525,245.0
526,286.0
527,324.0
528,353.0
529,354.0
530,330.0
531,286.0
532,245.0
533,225.0
534,191.0
535,173.0
536,173.0
537,191.0
538,228.0
539,269.0
540,310.0
541,345.0
542,343.0
543,319.0
544,276.0
545,237.0
546,220.0
547,195.0
548,169.0
549,160.0
550,179.0
551,217.0
552,265.0
553,307.0
554,340.0
555,351.0
556,327.0
557,284.0
558,240.0
559,223.0
560,193.0
561,172.0
562,157.0
563,173.0
564,204.0
565,246.0
566,298.0
567,335.0
568,344.0
569,318.0
570,283.0
571,244.0
572,228.0
573,193.0
574,168.0
575,150.0
576,169.0
577,211.0
578,250.0
579,290.0
580,327.0
581,343.0
582,320.0
583,280.0
584,245.0
585,230.0
586,198.0
587,172.0
588,163.0
589,174.0
590,202.0
591,244.0
592,290.0
593,325.0
594,335.0
595,318.0
596,289.0
597,251.0
598,224.0
599,178.0
600,168.0
601,160.0
602,171.0
603,200.0
604,234.0
605,275.0
606,314.0
607,327.0
608,314.0
609,283.0
610,243.0
611,221.0
612,186.0
613,167.0
614,159.0
615,175.0
616,199.0
617,245.0
618,284.0
619,314.0
620,315.0
621,301.0
622,270.0
623,230.0
624,218.0
625,186.0
626,161.0
627,149.0
628,154.0
629,179.0
630,225.0
631,276.0
632,317.0
633,329.0
634,320.0
635,280.0
636,228.0
637,206.0
638,174.0
639,142.0
640,125.0
641,143.0
642,174.0
643,223.0
644,264.0
645,301.0
646,315.0
647,307.0
648,277.0
649,226.0
650,200.0
651,177.0
652,161.0
653,141.0
654,142.0
655,172.0
656,220.0
657,258.0
658,302.0
659,315.0
660,307.0
661,278.0
662,234.0
663,217.0
664,192.0
665,160.0
666,138.0
667,149.0
668,178.0
669,226.0
670,263.0
671,308.0
672,334.0
673,325.0
674,295.0
675,252.0
676,229.0
677,194.0
678,174.0
679,158.0
680,164.0
681,189.0
682,241.0
683,282.0
684,323.0
685,333.0
686,324.0
687,299.0
688,249.0
689,223.0
690,207.0
691,189.0
692,173.0
693,179.0
694,198.0
695,250.0
696,298.0
697,336.0
698,354.0
699,345.0
700,308.0
701,264.0
702,237.0
703,218.0
704,190.0
705,171.0
706,177.0
707,200.0
708,248.0
709,289.0
710,330.0
711,352.0
712,336.0
713,312.0
714,261.0
715,238.0
716,225.0
717,190.0
718,171.0
719,174.0
720,192.0
721,236.0
722,289.0
723,328.0
724,344.0
725,333.0
726,307.0
727,269.0
728,247.0
729,227.0
730,199.0
731,185.0
732,181.0
733,204.0
734,248.0
735,284.0
736,324.0
737,350.0
738,336.0
739,316.0
740,265.0
741,228.0
742,216.0
743,197.0
744,176.0
745,177.0
746,202.0
747,237.0
748,274.0
749,322.0
750,349.0
751,346.0
752,326.0
753,286.0
754,258.0
755,245.0
756,210.0
757,188.0
758,178.0
759,197.0
760,236.0
761,270.0
762,312.0
763,336.0
764,334.0
765,313.0
766,271.0
767,239.0
768,226.0
769,196.0
770,179.0
771,177.0
772,194.0
773,231.0
774,263.0
775,309.0
776,338.0
777,341.0
778,325.0
779,287.0
780,248.0
781,227.0
782,193.0
783,179.0
784,169.0
785,186.0
786,229.0
787,276.0
788,318.0
789,347.0
790,345.0
791,319.0
792,274.0
793,238.0
794,219.0
795,193.0
796,184.0
797,184.0
798,193.0
799,229.0
800,263.0
801,309.0
802,337.0
803,343.0
804,326.0
805,290.0
806,247.0
807,229.0
808,202.0
809,186.0
810,179.0
811,195.0
812,233.0
813,277.0
814,316.0
815,340.0
816,345.0
817,327.0
818,283.0
819,247.0
820,225.0
821,203.0
822,190.0
823,181.0
824,193.0
825,234.0
826,273.0
827,309.0
828,341.0
829,341.0
830,317.0
831,275.0
832,238.0
833,230.0
834,203.0
835,179.0
836,167.0
837,185.0
838,214.0
839,256.0
840,302.0
841,338.0
842,344.0
843,328.0
844,297.0
845,254.0
846,232.0
847,201.0
848,186.0
849,176.0
850,180.0
851,218.0
852,264.0
853,308.0
854,345.0
855,356.0
856,331.0
857,291.0
858,256.0
859,241.0
860,213.0
861,192.0
862,186.0
863,185.0
864,208.0
865,257.0
866,291.0
867,327.0
868,342.0
869,325.0
870,291.0
871,248.0
872,238.0
873,215.0
874,193.0
875,178.0
876,182.0
877,221.0
878,264.0
879,313.0
880,354.0
881,358.0
882,339.0
883,303.0
884,251.0
885,244.0
886,215.0
887,184.0
888,175.0
889,181.0
890,209.0
891,257.0
892,299.0
893,327.0
894,338.0
895,326.0
896,293.0
897,258.0
898,242.0
899,209.0
900,189.0
901,179.0
902,186.0
903,210.0
904,257.0
905,303.0
906,343.0
907,347.0
908,332.0
909,298.0
910,253.0
911,242.0
912,213.0
913,186.0
914,171.0
915,181.0
916,216.0
917,262.0
918,296.0
919,338.0
920,355.0
921,333.0
922,302.0
923,257.0
924,230.0
925,208.0
926,184.0
927,171.0
928,176.0
929,202.0
930,248.0
931,292.0
932,333.0
933,350.0
934,339.0
935,310.0
936,268.0
937,244.0
938,217.0
939,196.0
940,171.0
941,171.0
942,196.0
943,244.0
944,291.0
945,333.0
946,352.0
947,334.0
948,305.0
949,260.0
950,235.0
951,211.0
952,196.0
953,179.0
954,172.0
955,196.0
956,245.0
957,282.0
958,330.0
959,349.0
960,335.0
961,301.0
962,260.0
963,236.0
964,209.0
965,182.0
966,161.0
967,169.0
968,199.0
969,239.0
970,280.0
971,327.0
972,349.0
973,333.0
974,301.0
975,256.0
976,231.0
977,210.0
978,182.0
979,162.0
980,165.0
981,187.0
982,225.0
983,268.0
984,312.0
985,335.0
986,327.0
987,299.0
988,254.0
989,233.0
990,208.0
991,182.0
992,165.0
993,164.0
994,187.0
995,225.0
996,260.0
997,303.0
998,337.0
999,334.0
1000,312.0
1001,264.0
1002,230.0
1003,213.0
1004,191.0
1005,180.0
1006,173.0
1007,179.0
1008,222.0
1009,269.0
1010,311.0
1011,342.0
1012,334.0
1013,312.0
1014,269.0
1015,238.0
1016,229.0
1017,201.0
1018,179.0
1019,169.0
1020,184.0
1021,234.0
1022,276.0
1023,313.0
1024,345.0
1025,348.0
1026,317.0
1027,271.0
1028,230.0
1029,216.0
1030,190.0
1031,174.0
1032,170.0
1033,190.0
1034,228.0
1035,269.0
1036,313.0
1037,345.0
1038,340.0
1039,316.0
1040,274.0
1041,246.0
1042,235.0
1043,196.0
1044,176.0
1045,171.0
1046,182.0
1047,213.0
1048,258.0
1049,305.0
1050,332.0
1051,340.0
1052,316.0
1053,268.0
1054,223.0
1055,207.0
1056,179.0
1057,162.0
1058,150.0
1059,164.0
1060,200.0
1061,244.0
1062,292.0
1063,319.0
1064,325.0
1065,303.0
1066,270.0
1067,231.0
1068,218.0
1069,189.0
1070,177.0
1071,170.0
1072,190.0
1073,236.0
1074,287.0
1075,329.0
1076,370.0
1077,376.0
1078,357.0
1079,322.0
1080,289.0
1081,274.0
1082,239.0
1083,228.0
1084,219.0
1085,229.0
1086,254.0
1087,289.0
1088,335.0
1089,366.0
1090,360.0
1091,345.0
1092,304.0
1093,258.0
1094,246.0
1095,213.0
1096,189.0
1097,175.0
1098,189.0
1099,218.0
1100,268.0
1101,316.0
1102,358.0
1103,354.0
1104,335.0
1105,291.0
1106,249.0
1107,234.0
1108,200.0
1109,182.0
1110,177.0
1111,184.0
1112,217.0
1113,259.0
1114,306.0
1115,338.0
1116,341.0
1117,326.0
1118,292.0
1119,251.0
1120,237.0
1121,206.0
1122,187.0
1123,177.0
1124,189.0
1125,226.0
1126,257.0
1127,289.0
1128,327.0
1129,339.0
1130,325.0
1131,293.0
1132,253.0
1133,238.0
1134,205.0
1135,184.0
1136,175.0
1137,180.0
1138,204.0
1139,253.0
1140,293.0
1141,330.0
1142,336.0
1143,325.0
1144,296.0
1145,250.0
1146,236.0
1147,205.0
1148,182.0
1149,175.0
1150,187.0
1151,211.0
1152,258.0
1153,299.0
1154,328.0
1155,344.0
1156,334.0
1157,299.0
1158,252.0
1159,232.0
1160,202.0
1161,173.0
1162,162.0
1163,167.0
1164,198.0
1165,250.0
1166,292.0
1167,330.0
1168,345.0
1169,333.0
1170,295.0
1171,253.0
1172,231.0
1173,206.0
1174,180.0
1175,166.0
1176,178.0
1177,210.0
1178,261.0
1179,286.0
1180,315.0
1181,322.0
1182,310.0
1183,278.0
1184,237.0
1185,218.0
1186,195.0
1187,171.0
1188,165.0
1189,174.0
1190,191.0
1191,236.0
1192,280.0
1193,324.0
1194,343.0
1195,327.0
1196,300.0
1197,258.0
1198,237.0
1199,205.0
1200,173.0
1201,150.0
1202,158.0
1203,177.0
1204,220.0
1205,263.0
1206,306.0
1207,323.0
1208,315.0
1209,290.0
1210,245.0
1211,218.0
1212,195.0
1213,171.0
1214,160.0
1215,164.0
1216,186.0
1217,229.0
1218,266.0
1219,300.0
1220,326.0
1221,317.0
1222,292.0
1223,244.0
1224,221.0
1225,195.0
1226,167.0
1227,153.0
1228,148.0
1229,163.0
1230,206.0
1231,251.0
1232,300.0
1233,325.0
1234,326.0
1235,290.0
1236,254.0
1237,228.0
1238,209.0
1239,185.0
1240,167.0
1241,172.0
1242,192.0
1243,236.0
1244,278.0
1245,315.0
1246,341.0
1247,337.0
1248,308.0
1249,259.0
1250,235.0
1251,214.0
1252,186.0
1253,172.0
1254,169.0
1255,198.0
1256,244.0
1257,288.0
1258,330.0
1259,348.0
1260,346.0
1261,318.0
1262,277.0
1263,238.0
1264,221.0
1265,199.0
1266,182.0
1267,184.0
1268,206.0
1269,251.0
1270,298.0
1271,334.0
1272,356.0
1273,352.0
1274,326.0
1275,287.0
1276,251.0
1277,234.0
1278,205.0
1279,192.0
1280,191.0
1281,202.0
1282,240.0
1283,280.0
1284,327.0
1285,360.0
1286,354.0
1287,329.0
1288,287.0
1289,246.0
1290,232.0
1291,203.0
1292,192.0
1293,180.0
1294,203.0
1295,242.0
1296,283.0
1297,327.0
1298,362.0
1299,356.0
1300,330.0
1301,288.0
1302,256.0
1303,241.0
1304,209.0
1305,195.0
1306,192.0
1307,206.0
1308,241.0
1309,278.0
1310,326.0
1311,356.0
1312,356.0
1313,338.0
1314,298.0
1315,256.0
1316,236.0
1317,206.0
1318,189.0
1319,185.0
1320,201.0
1321,233.0
1322,274.0
1323,326.0
1324,349.0
1325,353.0
1326,344.0
1327,300.0
1328,260.0
1329,237.0
1330,207.0
1331,195.0
1332,189.0
1333,209.0
1334,249.0
1335,286.0
1336,332.0
1337,355.0
1338,350.0
1339,327.0
1340,288.0
1341,248.0
1342,239.0
1343,203.0
1344,184.0
1345,182.0
1346,204.0
1347,237.0
1348,274.0
1349,321.0
1350,357.0
1351,364.0
1352,345.0
1353,303.0
1354,264.0
1355,251.0
1356,219.0
1357,194.0
1358,182.0
1359,198.0
1360,234.0
1361,271.0
1362,313.0
1363,341.0
1364,343.0
1365,324.0
1366,289.0
1367,255.0
1368,237.0
1369,210.0
1370,200.0
1371,188.0
1372,205.0
1373,236.0
1374,276.0
1375,316.0
1376,352.0
1377,350.0
1378,328.0
1379,296.0
1380,253.0
1381,240.0
1382,208.0
1383,192.0
1384,186.0
1385,193.0
1386,226.0
1387,277.0
1388,327.0
1389,363.0
1390,363.0
1391,348.0
1392,309.0
1393,263.0
1394,239.0
1395,204.0
1396,184.0
1397,170.0
1398,183.0
1399,215.0
1400,262.0
1401,306.0
1402,344.0
1403,350.0
1404,336.0
1405,303.0
1406,270.0
1407,258.0
1408,226.0
1409,195.0
1410,185.0
1411,196.0
1412,220.0
1413,263.0
1414,301.0
1415,345.0
1416,360.0
1417,348.0
1418,315.0
1419,270.0
1420,247.0
1421,208.0
1422,186.0
1423,181.0
1424,185.0
1425,206.0
1426,257.0
1427,300.0
1428,345.0
1429,363.0
1430,347.0
1431,312.0
1432,266.0
1433,255.0
1434,232.0
1435,204.0
1436,189.0
1437,199.0
1438,220.0
1439,266.0
1440,299.0
1441,333.0
1442,347.0
1443,341.0
1444,308.0
1445,266.0
1446,249.0
1447,225.0
1448,194.0
1449,181.0
1450,187.0
1451,216.0
1452,256.0
1453,292.0
1454,332.0
1455,351.0
1456,347.0
1457,316.0
1458,272.0
1459,257.0
1460,234.0
1461,210.0
1462,181.0
1463,180.0
1464,206.0
1465,256.0
1466,303.0
1467,340.0
1468,355.0
1469,347.0
1470,313.0
1471,267.0
1472,243.0
1473,217.0
1474,194.0
1475,180.0
1476,191.0
1477,221.0
1478,262.0
1479,303.0
1480,348.0
1481,367.0
1482,351.0
1483,322.0
1484,272.0
1485,253.0
1486,225.0
1487,196.0
1488,190.0
1489,192.0
1490,212.0
1491,257.0
1492,295.0
1493,334.0
1494,359.0
1495,353.0
1496,324.0
1497,272.0
1498,250.0
1499,230.0
1500,203.0
1501,195.0
1502,202.0
1503,216.0
1504,258.0
1505,301.0
1506,342.0
1507,352.0
1508,348.0
1509,327.0
1510,283.0
1511,244.0
1512,230.0
1513,202.0
1514,186.0
1515,186.0
1516,205.0
1517,249.0
1518,298.0
1519,343.0
1520,373.0
1521,361.0
1522,326.0
1523,285.0
1524,255.0
1525,236.0
1526,204.0
1527,191.0
1528,189.0
1529,202.0
1530,240.0
1531,288.0
1532,331.0
1533,355.0
1534,356.0
1535,327.0
1536,281.0
1537,253.0
1538,234.0
1539,202.0
1540,193.0
1541,186.0
1542,205.0
1543,251.0
1544,288.0
1545,329.0
1546,361.0
1547,362.0
1548,340.0
1549,293.0
1550,257.0
1551,240.0
1552,208.0
1553,193.0
1554,190.0
1555,208.0
1556,252.0
1557,288.0
1558,327.0
1559,357.0
1560,358.0
1561,335.0
1562,299.0
1563,261.0
1564,239.0
1565,210.0
1566,196.0
1567,192.0
1568,208.0
1569,244.0
1570,284.0
1571,331.0
1572,359.0
1573,355.0
1574,330.0
1575,290.0
1576,257.0
1577,237.0
1578,206.0
1579,196.0
1580,187.0
1581,198.0
1582,239.0
1583,282.0
1584,318.0
1585,354.0
1586,364.0
1587,338.0
1588,293.0
1589,253.0
1590,240.0
1591,207.0
1592,179.0
1593,169.0
1594,188.0
1595,231.0
1596,275.0
1597,314.0
1598,353.0
1599,358.0
1600,341.0
1601,305.0
1602,254.0
1603,232.0
1604,204.0
1605,179.0
1606,170.0
1607,190.0
1608,218.0
1609,266.0
1610,314.0
1611,347.0
1612,355.0
1613,334.0
1614,284.0
1615,246.0
1616,234.0
1617,206.0
1618,193.0
1619,188.0
1620,202.0
1621,230.0
1622,264.0
1623,299.0
1624,334.0
1625,351.0
1626,332.0
1627,286.0
1628,246.0
1629,235.0
1630,207.0
1631,185.0
1632,175.0
1633,196.0
1634,227.0
1635,272.0
1636,311.0
1637,350.0
1638,358.0
1639,340.0
1640,310.0
1641,261.0
1642,244.0
1643,223.0
1644,203.0
1645,197.0
1646,204.0
1647,226.0
1648,272.0
1649,315.0
1650,348.0
1651,354.0
1652,341.0
1653,307.0
1654,269.0
1655,246.0
1656,216.0
1657,188.0
1658,179.0
1659,195.0
1660,224.0
1661,273.0
1662,319.0
1663,354.0
1664,361.0
1665,345.0
1666,311.0
1667,268.0
1668,248.0
1669,222.0
1670,196.0
1671,187.0
1672,199.0
1673,227.0
1674,272.0
1675,310.0
1676,346.0
1677,362.0
1678,352.0
1679,306.0
1680,255.0
1681,237.0
1682,210.0
1683,190.0
1684,175.0
1685,185.0
1686,216.0
1687,258.0
1688,290.0
1689,332.0
1690,350.0
1691,332.0
1692,293.0
1693,246.0
1694,239.0
1695,220.0
1696,197.0
1697,177.0
1698,178.0
1699,198.0
1700,245.0
1701,295.0
1702,340.0
1703,366.0
1704,363.0
1705,336.0
1706,303.0
1707,285.0
1708,263.0
1709,235.0
1710,221.0
1711,235.0
1712,259.0
1713,304.0
1714,348.0
1715,382.0
1716,401.0
1717,384.0
1718,350.0
1719,298.0
1720,281.0
1721,255.0
1722,232.0
1723,213.0
1724,211.0
1725,236.0
1726,283.0
1727,312.0
1728,349.0
1729,360.0
1730,351.0
1731,321.0
1732,274.0
1733,253.0
1734,239.0
1735,217.0
1736,194.0
1737,181.0
1738,195.0
1739,235.0
1740,280.0
1741,323.0
1742,341.0
1743,331.0
1744,317.0
1745,275.0
1746,248.0
1747,220.0
1748,195.0
1749,181.0
1750,188.0
1751,212.0
1752,256.0
1753,293.0
1754,332.0
1755,346.0
1756,343.0
1757,316.0
1758,273.0
1759,250.0
1760,224.0
1761,194.0
1762,186.0
1763,187.0
1764,206.0
1765,251.0
1766,299.0
1767,336.0
1768,354.0
1769,340.0
1770,320.0
1771,270.0
1772,236.0
1773,212.0
1774,198.0
1775,190.0
1776,184.0
1777,191.0
1778,227.0
1779,267.0
1780,315.0
1781,342.0
1782,341.0
1783,318.0
1784,272.0
1785,242.0
1786,230.0
1787,201.0
1788,184.0
1789,173.0
1790,189.0
1791,234.0
1792,279.0
1793,318.0
1794,335.0
1795,334.0
1796,317.0
1797,267.0
1798,236.0
1799,217.0
1800,190.0
1801,175.0
1802,178.0
1803,196.0
1804,222.0
1805,267.0
1806,307.0
1807,329.0
1808,328.0
1809,306.0
1810,264.0
1811,232.0
1812,217.0
1813,190.0
1814,176.0
1815,173.0
1816,191.0
1817,233.0
1818,270.0
1819,309.0
1820,324.0
1821,320.0
1822,300.0
1823,260.0
1824,224.0
1825,210.0
1826,174.0
1827,159.0
1828,160.0
1829,175.0
1830,208.0
1831,252.0
1832,293.0
1833,322.0
1834,325.0
1835,303.0
1836,253.0
1837,209.0
1838,202.0
1839,166.0
1840,147.0
1841,147.0
1842,161.0
1843,200.0
1844,244.0
1845,288.0
1846,317.0
1847,318.0
1848,304.0
1849,257.0
1850,212.0
1851,199.0
1852,173.0
1853,156.0
1854,144.0
1855,153.0
1856,194.0
1857,244.0
1858,286.0
1859,317.0
1860,322.0
1861,299.0
1862,262.0
1863,220.0
1864,202.0
1865,174.0
1866,143.0
1867,133.0
1868,157.0
1869,192.0
1870,236.0
1871,285.0
1872,323.0
1873,326.0
1874,308.0
1875,274.0
1876,227.0
1877,217.0
1878,185.0
1879,169.0
1880,167.0
1881,180.0
1882,212.0
1883,251.0
1884,281.0
1885,324.0
1886,337.0
1887,325.0
1888,290.0
1889,250.0
1890,233.0
1891,195.0
1892,171.0
1893,168.0
1894,178.0
1895,213.0
1896,269.0
1897,307.0
1898,346.0
1899,352.0
1900,326.0
1901,293.0
1902,252.0
1903,227.0
1904,198.0
1905,168.0
1906,169.0
1907,186.0
1908,208.0
1909,249.0
1910,294.0
1911,341.0
1912,348.0
1913,341.0
1914,297.0
1915,255.0
1916,240.0
1917,200.0
1918,182.0
1919,184.0
1920,197.0
1921,221.0
1922,263.0
1923,301.0
1924,336.0
1925,349.0
1926,330.0
1927,291.0
1928,250.0
1929,236.0
1930,211.0
1931,189.0
1932,183.0
1933,190.0
1934,213.0
1935,262.0
1936,303.0
1937,341.0
1938,346.0
1939,336.0
1940,312.0
1941,266.0
1942,242.0
1943,215.0
1944,191.0
1945,178.0
1946,179.0
1947,200.0
1948,251.0
1949,294.0
1950,333.0
1951,348.0
1952,333.0
1953,300.0
1954,256.0
1955,244.0
1956,217.0
1957,195.0
1958,183.0
1959,193.0
1960,212.0
1961,252.0
1962,292.0
1963,336.0
1964,344.0
1965,329.0
1966,299.0
1967,257.0
1968,236.0
1969,221.0
1970,200.0
1971,184.0
1972,183.0
1973,205.0
1974,246.0
1975,290.0
1976,336.0
1977,355.0
1978,342.0
1979,309.0
1980,270.0
1981,246.0
1982,219.0
1983,193.0
1984,180.0
1985,180.0
1986,203.0
1987,250.0
1988,292.0
1989,332.0
1990,349.0
1991,339.0
1992,312.0
1993,271.0
1994,240.0
1995,218.0
1996,202.0
1997,179.0
1998,173.0
1999,194.0
2000,239.0
2001,283.0
2002,330.0
2003,352.0
2004,342.0
2005,314.0
2006,266.0
2007,236.0
2008,214.0
2009,196.0
2010,183.0
2011,182.0
2012,199.0
2013,241.0
2014,280.0
2015,324.0
2016,339.0
2017,334.0
2018,309.0
2019,269.0
2020,245.0
2021,224.0
2022,201.0
2023,177.0
2024,170.0
2025,191.0
2026,238.0
2027,274.0
2028,305.0
2029,328.0
2030,330.0
2031,309.0
2032,263.0
2033,239.0
2034,232.0
2035,207.0
2036,185.0
2037,169.0
2038,187.0
2039,226.0
2040,266.0
2041,306.0
2042,335.0
2043,336.0
2044,315.0
2045,261.0
2046,236.0
2047,227.0
2048,202.0
2049,182.0
2050,180.0
2051,193.0
2052,237.0
2053,273.0
2054,313.0
2055,343.0
2056,342.0
2057,312.0
2058,268.0
2059,240.0
2060,228.0
2061,204.0
2062,174.0
2063,164.0
2064,186.0
2065,216.0
2066,262.0
2067,303.0
2068,327.0
2069,326.0
2070,307.0
2071,264.0
2072,234.0
2073,222.0
2074,195.0
2075,176.0
2076,171.0
2077,192.0
2078,227.0
2079,268.0
2080,307.0
2081,333.0
2082,336.0
2083,310.0
2084,273.0
2085,239.0
2086,223.0
2087,195.0
2088,177.0
2089,167.0
2090,180.0
2091,222.0
2092,264.0
2093,310.0
2094,337.0
2095,332.0
2096,307.0
2097,267.0
2098,235.0
2099,223.0
2100,199.0
2101,179.0
2102,169.0
2103,178.0
2104,215.0
2105,254.0
2106,295.0
2107,329.0
2108,335.0
2109,318.0
2110,281.0
2111,244.0
2112,225.0
2113,190.0
2114,170.0
2115,168.0
2116,185.0
2117,217.0
2118,259.0
2119,303.0
2120,329.0
2121,335.0
2122,312.0
2123,273.0
2124,234.0
2125,217.0
2126,189.0
2127,165.0
2128,160.0
2129,176.0
2130,214.0
2131,253.0
2132,294.0
2133,330.0
2134,342.0
2135,326.0
2136,282.0
2137,236.0
2138,223.0
2139,188.0
2140,173.0
2141,168.0
2142,178.0
2143,209.0
2144,252.0
2145,290.0
2146,320.0
2147,333.0
2148,313.0
2149,282.0
2150,241.0
2151,222.0
2152,198.0
2153,176.0
2154,164.0
2155,164.0
2156,191.0
2157,240.0
2158,283.0
2159,324.0
2160,336.0
2161,321.0
2162,289.0
2163,247.0
2164,231.0
2165,196.0
2166,166.0
2167,154.0
2168,155.0
2169,186.0
2170,238.0
2171,290.0
2172,332.0
2173,331.0
2174,311.0
2175,284.0
2176,234.0
2177,214.0
2178,184.0
2179,172.0
2180,162.0
2181,166.0
2182,193.0
2183,236.0
2184,279.0
2185,326.0
2186,336.0
2187,318.0
2188,283.0
2189,241.0
2190,222.0
2191,195.0
2192,175.0
2193,163.0
2194,166.0
2195,192.0
2196,235.0
2197,275.0
2198,314.0
2199,323.0
2200,311.0
2201,286.0
2202,249.0
2203,235.0
2204,203.0
2205,167.0
2206,153.0
2207,164.0
2208,180.0
2209,220.0
2210,266.0
2211,303.0
2212,318.0
2213,309.0
2214,275.0
2215,230.0
2216,209.0
2217,191.0
2218,169.0
2219,151.0
2220,164.0
2221,190.0
2222,225.0
2223,261.0
2224,301.0
2225,317.0
2226,312.0
2227,286.0
2228,241.0
2229,216.0
2230,187.0
2231,165.0
2232,144.0
2233,143.0
2234,157.0
2235,208.0
2236,259.0
2237,299.0
2238,315.0
2239,305.0
2240,277.0
2241,234.0
2242,214.0
2243,196.0
2244,174.0
2245,159.0
2246,164.0
2247,186.0
2248,231.0
2249,277.0
2250,318.0
2251,337.0
2252,323.0
2253,297.0
2254,253.0
2255,231.0
2256,209.0
2257,176.0
2258,161.0
2259,162.0
2260,196.0
2261,240.0
2262,272.0
2263,308.0
2264,326.0
2265,319.0
2266,291.0
2267,247.0
2268,221.0
2269,204.0
2270,178.0
2271,163.0
2272,161.0
2273,180.0
2274,222.0
2275,267.0
2276,310.0
2277,335.0
2278,333.0
2279,309.0
2280,267.0
2281,239.0
2282,214.0
2283,183.0
2284,171.0
2285,164.0
2286,175.0
2287,211.0
2288,260.0
2289,290.0
2290,315.0
2291,316.0
2292,289.0
2293,246.0
2294,215.0
2295,199.0
2296,165.0
2297,147.0
2298,145.0
2299,160.0
2300,199.0
2301,240.0
2302,285.0
2303,310.0
2304,308.0
2305,287.0
2306,253.0
2307,215.0
2308,193.0
2309,166.0
2310,159.0
2311,168.0
2312,188.0
2313,231.0
2314,278.0
2315,322.0
2316,355.0
2317,358.0
2318,337.0
2319,304.0
2320,279.0
2321,261.0
2322,237.0
2323,221.0
2324,211.0
2325,220.0
2326,256.0
2327,286.0
2328,321.0
2329,357.0
2330,361.0
2331,338.0
2332,292.0
2333,260.0
2334,240.0
2335,201.0
2336,178.0
2337,171.0
2338,180.0
2339,219.0
2340,257.0
2341,294.0
2342,326.0
2343,324.0
2344,304.0
2345,276.0
2346,237.0
2347,217.0
2348,184.0
2349,166.0
2350,164.0
2351,175.0
2352,206.0
2353,247.0
2354,287.0
2355,327.0
2356,327.0
2357,305.0
2358,270.0
2359,231.0
2360,215.0
2361,178.0
2362,155.0
2363,152.0
2364,169.0
2365,201.0
2366,242.0
2367,280.0
2368,309.0
2369,321.0
2370,307.0
2371,275.0
2372,235.0
2373,221.0
2374,190.0
2375,167.0
2376,148.0
2377,160.0
2378,192.0
2379,227.0
2380,270.0
2381,306.0
2382,315.0
2383,304.0
2384,274.0
2385,235.0
2386,213.0
2387,176.0
2388,166.0
2389,162.0
2390,164.0
2391,185.0
2392,241.0
2393,288.0
2394,320.0
2395,317.0
2396,301.0
2397,258.0
2398,212.0
2399,199.0
2400,176.0
2401,162.0
2402,151.0
2403,157.0
2404,181.0
2405,229.0
2406,267.0
2407,306.0
2408,318.0
2409,304.0
2410,263.0
2411,223.0
2412,210.0
2413,177.0
2414,159.0
2415,147.0
2416,156.0
2417,181.0
2418,226.0
2419,265.0
2420,302.0
2421,311.0
2422,293.0
2423,256.0
2424,217.0
2425,206.0
2426,179.0
2427,150.0
2428,136.0
2429,146.0
2430,159.0
2431,194.0
2432,241.0
2433,289.0
2434,303.0
2435,295.0
2436,268.0
2437,228.0
2438,201.0
2439,169.0
2440,149.0
2441,135.0
2442,137.0
2443,159.0
2444,204.0
2445,242.0
2446,284.0
2447,299.0
2448,291.0
2449,257.0
2450,200.0
2451,190.0
2452,169.0
2453,139.0
2454,129.0
2455,134.0
2456,160.0
2457,203.0
2458,245.0
2459,282.0
2460,290.0
2461,281.0
2462,253.0
2463,204.0
2464,186.0
2465,163.0
2466,139.0
2467,126.0
2468,127.0
2469,145.0
2470,193.0
2471,234.0
2472,274.0
2473,289.0
2474,281.0
2475,249.0
2476,206.0
2477,191.0
2478,170.0
2479,144.0
2480,134.0
2481,141.0
2482,166.0
2483,209.0
2484,250.0
2485,292.0
2486,314.0
2487,304.0
2488,281.0
2489,239.0
2490,215.0
2491,189.0
2492,160.0
2493,143.0
2494,149.0
2495,172.0
2496,218.0
2497,250.0
2498,292.0
2499,312.0
2500,307.0
2501,279.0
2502,240.0
2503,220.0
2504,202.0
2505,175.0
2506,152.0
2507,155.0
2508,173.0
2509,211.0
2510,250.0
2511,292.0
2512,318.0
2513,315.0
2514,293.0
2515,254.0
2516,234.0
2517,218.0
2518,181.0
2519,164.0
2520,166.0
2521,184.0
2522,225.0
2523,268.0
2524,302.0
2525,320.0
2526,317.0
2527,277.0
2528,239.0
2529,222.0
2530,195.0
2531,169.0
2532,152.0
2533,154.0
2534,170.0
2535,214.0
2536,256.0
2537,304.0
2538,326.0
2539,323.0
2540,300.0
2541,261.0
2542,224.0
2543,205.0
2544,176.0
2545,162.0
2546,165.0
2547,181.0
2548,223.0
2549,265.0
2550,296.0
2551,310.0
2552,308.0
2553,292.0
2554,253.0
2555,228.0
2556,213.0
2557,181.0
2558,170.0
2559,165.0
2560,176.0
2561,220.0
2562,260.0
2563,296.0
2564,318.0
2565,324.0
2566,298.0
2567,263.0
2568,233.0
2569,205.0
2570,182.0
2571,167.0
2572,156.0
2573,171.0
2574,209.0
2575,252.0
2576,297.0
2577,326.0
2578,323.0
2579,296.0
2580,257.0
2581,226.0
2582,219.0
2583,186.0
2584,172.0
2585,154.0
2586,166.0
2587,203.0
2588,244.0
2589,285.0
2590,314.0
2591,318.0
2592,298.0
2593,258.0
2594,227.0
2595,216.0
2596,185.0
2597,155.0
2598,149.0
2599,160.0
2600,196.0
2601,240.0
2602,285.0
2603,323.0
2604,331.0
2605,307.0
2606,271.0
2607,234.0
2608,216.0
2609,185.0
2610,168.0
2611,160.0
2612,176.0
2613,210.0
2614,258.0
2615,300.0
2616,336.0
2617,333.0
2618,307.0
2619,269.0
2620,230.0
2621,207.0
2622,176.0
2623,158.0
2624,159.0
2625,172.0
2626,199.0
2627,240.0
2628,283.0
2629,316.0
2630,329.0
2631,310.0
2632,268.0
2633,230.0
2634,220.0
2635,189.0
2636,177.0
2637,165.0
2638,169.0
2639,195.0
2640,235.0
2641,271.0
2642,312.0
2643,317.0
2644,308.0
2645,274.0
2646,234.0
2647,219.0
2648,184.0
2649,162.0
2650,157.0
2651,167.0
2652,202.0
2653,249.0
2654,290.0
2655,321.0
2656,322.0
2657,313.0
2658,283.0
2659,240.0
2660,221.0
2661,187.0
2662,166.0
2663,158.0
2664,165.0
2665,195.0
2666,235.0
2667,272.0
2668,308.0
2669,319.0
2670,305.0
2671,279.0
2672,244.0
2673,224.0
2674,204.0
2675,178.0
2676,166.0
2677,178.0
2678,205.0
2679,241.0
2680,275.0
2681,311.0
2682,329.0
2683,316.0
2684,287.0
2685,245.0
2686,225.0
2687,196.0
2688,175.0
2689,168.0
2690,169.0
2691,197.0
2692,243.0
2693,287.0
2694,320.0
2695,330.0
2696,315.0
2697,288.0
2698,244.0
2699,217.0
2700,195.0
2701,177.0
2702,163.0
2703,168.0
2704,192.0
2705,239.0
2706,280.0
2707,318.0
2708,329.0
2709,324.0
2710,294.0
2711,250.0
2712,234.0
2713,205.0
2714,179.0
2715,164.0
2716,168.0
2717,184.0
2718,227.0
2719,269.0
2720,312.0
2721,333.0
2722,326.0
2723,300.0
2724,252.0
2725,229.0
2726,204.0
2727,176.0
2728,169.0
2729,171.0
2730,186.0
2731,231.0
2732,276.0
2733,317.0
2734,337.0
2735,325.0
2736,296.0
2737,255.0
2738,233.0
2739,211.0
2740,188.0
2741,172.0
2742,177.0
2743,195.0
2744,236.0
2745,271.0
2746,307.0
2747,331.0
2748,328.0
2749,306.0
2750,264.0
2751,230.0
2752,210.0
2753,186.0
2754,177.0
2755,175.0
2756,195.0
2757,233.0
2758,270.0
2759,310.0
2760,331.0
2761,326.0
2762,296.0
2763,246.0
2764,221.0
2765,201.0
2766,184.0
2767,163.0
2768,161.0
2769,178.0
2770,211.0
2771,250.0
2772,292.0
2773,324.0
2774,321.0
2775,296.0
2776,260.0
2777,228.0
2778,215.0
2779,189.0
2780,172.0
2781,169.0
2782,187.0
2783,231.0
2784,260.0
2785,298.0
2786,319.0
2787,316.0
2788,294.0
2789,255.0
2790,219.0
2791,198.0
2792,174.0
2793,159.0
2794,163.0
2795,180.0
2796,218.0
2797,266.0
2798,298.0
2799,316.0
2800,318.0
2801,298.0
2802,253.0
2803,221.0
2804,201.0
2805,175.0
2806,155.0
2807,148.0
2808,169.0
2809,206.0
2810,244.0
2811,286.0
2812,318.0
2813,322.0
2814,299.0
2815,261.0
2816,228.0
2817,211.0
2818,182.0
2819,160.0
2820,158.0
2821,171.0
2822,206.0
2823,250.0
2824,291.0
2825,312.0
2826,315.0
2827,293.0
2828,259.0
2829,230.0
2830,218.0
2831,196.0
2832,175.0
2833,172.0
2834,183.0
2835,221.0
2836,257.0
2837,302.0
2838,326.0
2839,326.0
2840,298.0
2841,264.0
2842,226.0
2843,208.0
2844,181.0
2845,163.0
2846,162.0
2847,181.0
2848,218.0
2849,256.0
2850,295.0
2851,326.0
2852,331.0
2853,313.0
2854,274.0
2855,233.0
2856,217.0
2857,184.0
2858,163.0
2859,155.0
2860,180.0
2861,218.0
2862,255.0
2863,299.0
2864,331.0
2865,336.0
2866,317.0
2867,283.0
2868,234.0
2869,212.0
2870,176.0
2871,154.0
2872,150.0
2873,149.0
2874,180.0
2875,229.0
2876,272.0
2877,290.0
2878,305.0
2879,294.0
2880,258.0
2881,214.0
2882,205.0
2883,177.0
2884,158.0
2885,151.0
2886,164.0
2887,199.0
2888,245.0
2889,296.0
2890,342.0
2891,365.0
2892,350.0
2893,315.0
2894,273.0
2895,258.0
2896,232.0
2897,213.0
2898,210.0
2899,222.0
2900,242.0
2901,281.0
2902,327.0
2903,361.0
2904,370.0
2905,359.0
2906,319.0
2907,272.0
2908,248.0
2909,221.0
2910,198.0
2911,182.0
2912,185.0
2913,206.0
2914,255.0
2915,295.0
2916,340.0
2917,354.0
2918,333.0
2919,301.0
2920,257.0
2921,231.0
2922,197.0
2923,175.0
2924,163.0
2925,173.0
2926,198.0
2927,237.0
2928,276.0
2929,306.0
2930,323.0
2931,319.0
2932,290.0
2933,247.0
2934,226.0
2935,197.0
2936,170.0
2937,152.0
2938,159.0
2939,182.0
2940,227.0
2941,280.0
2942,314.0
2943,335.0
2944,323.0
2945,289.0
2946,246.0
2947,231.0
2948,197.0
2949,173.0
2950,163.0
2951,176.0
2952,196.0
2953,229.0
2954,270.0
2955,314.0
2956,329.0
2957,323.0
2958,292.0
2959,246.0
2960,220.0
2961,191.0
2962,163.0
2963,156.0
2964,163.0
2965,194.0
2966,234.0
2967,266.0
2968,308.0
2969,327.0
2970,320.0
2971,290.0
2972,246.0
2973,217.0
2974,198.0
2975,177.0
2976,160.0
2977,167.0
2978,186.0
2979,229.0
2980,272.0
2981,303.0
2982,313.0
2983,313.0
2984,291.0
2985,250.0
2986,225.0
2987,191.0
2988,164.0
2989,149.0
2990,149.0
2991,173.0
2992,220.0
2993,261.0
2994,303.0
2995,319.0
2996,310.0
2997,281.0
2998,237.0
2999,209.0
3000,192.0
3001,165.0
3002,146.0
3003,149.0
3004,169.0
3005,207.0
3006,247.0
3007,287.0
3008,314.0
3009,311.0
3010,287.0
3011,240.0
3012,216.0
3013,194.0
3014,161.0
3015,142.0
3016,147.0
3017,155.0
3018,196.0
3019,236.0
3020,274.0
3021,308.0
3022,305.0
3023,280.0
3024,241.0
3025,207.0
3026,184.0
3027,157.0
3028,137.0
3029,130.0
3030,152.0
3031,188.0
3032,228.0
3033,274.0
3034,297.0
3035,287.0
3036,261.0
3037,223.0
3038,201.0
3039,187.0
3040,165.0
3041,143.0
3042,136.0
3043,146.0
3044,187.0
3045,237.0
3046,275.0
3047,296.0
3048,295.0
3049,278.0
3050,240.0
3051,203.0
3052,181.0
3053,152.0
3054,141.0
3055,134.0
3056,147.0
3057,191.0
3058,240.0
3059,282.0
3060,311.0
3061,312.0
3062,290.0
3063,240.0
3064,208.0
3065,193.0
3066,167.0
3067,157.0
3068,154.0
3069,166.0
3070,203.0
3071,240.0
3072,286.0
3073,313.0
3074,324.0
3075,309.0
3076,265.0
3077,227.0
3078,214.0
3079,175.0
3080,158.0
3081,157.0
3082,167.0
3083,207.0
3084,256.0
3085,295.0
3086,328.0
3087,333.0
3088,319.0
3089,282.0
3090,240.0
3091,220.0
3092,181.0
3093,161.0
3094,160.0
3095,165.0
3096,206.0
3097,252.0
3098,302.0
3099,329.0
3100,333.0
3101,306.0
3102,264.0
3103,236.0
3104,223.0
3105,195.0
3106,177.0
3107,173.0
3108,182.0
3109,212.0
3110,246.0
3111,294.0
3112,324.0
3113,330.0
3114,309.0
3115,276.0
3116,233.0
3117,216.0
3118,180.0
3119,157.0
3120,147.0
3121,158.0
3122,198.0
3123,257.0
3124,303.0
3125,340.0
3126,348.0
3127,327.0
3128,281.0
3129,238.0
3130,230.0
3131,195.0
3132,168.0
3133,160.0
3134,170.0
3135,197.0
3136,238.0
3137,287.0
3138,316.0
3139,327.0
3140,318.0
3141,286.0
3142,248.0
3143,225.0
3144,192.0
3145,170.0
3146,160.0
3147,165.0
3148,196.0
3149,245.0
3150,284.0
3151,324.0
3152,341.0
3153,332.0
3154,293.0
3155,250.0
3156,232.0
3157,196.0
3158,174.0
3159,158.0
3160,172.0
3161,196.0
3162,247.0
3163,282.0
3164,316.0
3165,334.0
3166,320.0
3167,284.0
3168,242.0
3169,221.0
3170,190.0
3171,171.0
3172,157.0
3173,166.0
3174,196.0
3175,239.0
3176,283.0
3177,327.0
3178,342.0
3179,328.0
3180,291.0
3181,243.0
3182,224.0
3183,199.0
3184,176.0
3185,157.0
3186,161.0
3187,193.0
3188,239.0
3189,274.0
3190,318.0
3191,338.0
3192,320.0
3193,292.0
3194,255.0
3195,233.0
3196,204.0
3197,177.0
3198,160.0
3199,168.0
3200,189.0
3201,230.0
3202,282.0
3203,320.0
3204,339.0
3205,335.0
3206,302.0
3207,254.0
3208,229.0
3209,200.0
3210,165.0
3211,157.0
3212,166.0
3213,187.0
3214,235.0
3215,280.0
3216,324.0
3217,340.0
3218,324.0
3219,293.0
3220,257.0
3221,232.0
3222,209.0
3223,187.0
3224,167.0
3225,167.0
3226,181.0
3227,220.0
3228,261.0
3229,306.0
3230,329.0
3231,321.0
3232,294.0
3233,252.0
3234,232.0
3235,212.0
3236,189.0
3237,171.0
3238,172.0
3239,197.0
3240,234.0
3241,271.0
3242,308.0
3243,330.0
3244,323.0
3245,295.0
3246,242.0
3247,222.0
3248,206.0
3249,177.0
3250,159.0
3251,156.0
3252,185.0
3253,224.0
3254,263.0
3255,319.0
3256,348.0
3257,340.0
3258,305.0
3259,263.0
3260,228.0
3261,208.0
3262,182.0
3263,170.0
3264,169.0
3265,179.0
3266,226.0
3267,271.0
3268,310.0
3269,333.0
3270,336.0
3271,304.0
3272,257.0
3273,233.0
3274,214.0
3275,187.0
3276,169.0
3277,162.0
3278,180.0
3279,222.0
3280,269.0
3281,311.0
3282,334.0
3283,327.0
3284,303.0
3285,264.0
3286,236.0
3287,217.0
3288,188.0
3289,171.0
3290,167.0
3291,174.0
3292,212.0
3293,249.0
3294,307.0
3295,339.0
3296,332.0
3297,304.0
3298,267.0
3299,235.0
3300,214.0
3301,183.0
3302,169.0
3303,161.0
3304,179.0
3305,226.0
3306,260.0
3307,303.0
3308,331.0
3309,340.0
3310,317.0
3311,279.0
3312,248.0
3313,227.0
3314,192.0
3315,175.0
3316,161.0
3317,173.0
3318,208.0
3319,244.0
3320,287.0
3321,318.0
3322,324.0
3323,307.0
3324,274.0
3325,235.0
3326,216.0
3327,191.0
3328,168.0
3329,158.0
3330,167.0
3331,204.0
3332,252.0
3333,302.0
3334,329.0
3335,338.0
3336,310.0
3337,271.0
3338,226.0
3339,215.0
3340,187.0
3341,167.0
3342,154.0
3343,170.0
3344,207.0
3345,247.0
3346,286.0
3347,325.0
3348,343.0
3349,323.0
3350,273.0
3351,229.0
3352,209.0
3353,175.0
3354,160.0
3355,157.0
3356,166.0
3357,192.0
3358,240.0
3359,288.0
3360,321.0
3361,339.0
3362,315.0
3363,277.0
3364,238.0
3365,220.0
3366,185.0
3367,162.0
3368,152.0
3369,160.0
3370,193.0
3371,236.0
3372,277.0
3373,318.0
3374,328.0
3375,311.0
3376,271.0
3377,232.0
3378,224.0
3379,195.0
3380,169.0
3381,161.0
3382,173.0
3383,197.0
3384,239.0
3385,285.0
3386,324.0
3387,337.0
3388,321.0
3389,289.0
3390,255.0
3391,242.0
3392,203.0
3393,175.0
3394,165.0
3395,178.0
3396,205.0
3397,245.0
3398,276.0
3399,312.0
3400,331.0
3401,328.0
3402,299.0
3403,255.0
3404,244.0
3405,213.0
3406,185.0
3407,178.0
3408,181.0
3409,194.0
3410,235.0
3411,280.0
3412,323.0
3413,339.0
3414,326.0
3415,291.0
3416,248.0
3417,229.0
3418,206.0
3419,185.0
3420,173.0
3421,179.0
3422,200.0
3423,248.0
3424,289.0
3425,327.0
3426,331.0
3427,321.0
3428,292.0
3429,246.0
3430,228.0
3431,209.0
3432,189.0
3433,175.0
3434,178.0
3435,192.0
3436,237.0
3437,274.0
3438,304.0
3439,320.0
3440,305.0
3441,278.0
3442,240.0
3443,222.0
3444,196.0
3445,175.0
3446,166.0
3447,172.0
3448,204.0
3449,262.0
3450,307.0
3451,357.0
3452,379.0
3453,374.0
3454,343.0
3455,307.0
3456,287.0
3457,261.0
3458,236.0
3459,225.0
3460,224.0
3461,237.0
3462,274.0
3463,318.0
3464,363.0
3465,384.0
3466,368.0
3467,339.0
3468,289.0
3469,263.0
3470,245.0
3471,217.0
3472,198.0
3473,193.0
3474,209.0
3475,249.0
3476,289.0
3477,335.0
3478,352.0
3479,343.0
3480,314.0
3481,271.0
3482,244.0
3483,215.0
3484,192.0
3485,170.0
3486,167.0
3487,180.0
3488,227.0
3489,269.0
3490,318.0
3491,344.0
3492,339.0
3493,317.0
3494,277.0
3495,243.0
3496,226.0
3497,208.0
3498,187.0
3499,182.0
3500,198.0
3501,229.0
3502,266.0
3503,304.0
3504,337.0
3505,331.0
3506,306.0
3507,265.0
3508,240.0
3509,224.0
3510,198.0
3511,179.0
3512,174.0
3513,186.0
3514,224.0
3515,266.0
3516,306.0
3517,332.0
3518,333.0
3519,308.0
3520,264.0
3521,237.0
3522,219.0
3523,195.0
3524,173.0
3525,161.0
3526,178.0
3527,226.0
3528,268.0
3529,312.0
3530,338.0
3531,339.0
3532,322.0
3533,281.0
3534,246.0
3535,216.0
3536,186.0
3537,170.0
3538,165.0
3539,185.0
3540,223.0
3541,259.0
3542,303.0
3543,329.0
3544,333.0
3545,317.0
3546,274.0
3547,238.0
3548,216.0
3549,184.0
3550,168.0
3551,159.0
3552,174.0
3553,205.0
3554,246.0
3555,287.0
3556,319.0
3557,326.0
3558,307.0
3559,264.0
3560,224.0
3561,208.0
3562,181.0
3563,162.0
3564,153.0
3565,165.0
3566,204.0
3567,247.0
3568,289.0
3569,321.0
3570,329.0
3571,302.0
3572,262.0
3573,223.0
3574,204.0
3575,172.0
3576,157.0
3577,147.0
3578,156.0
3579,189.0
3580,235.0
3581,282.0
3582,319.0
3583,330.0
3584,307.0
3585,268.0
3586,220.0
3587,200.0
3588,166.0
3589,145.0
3590,140.0
3591,154.0
3592,193.0
3593,235.0
3594,274.0
3595,315.0
3596,321.0
3597,297.0
3598,259.0
3599,214.0
3600,195.0
3601,165.0
3602,142.0
3603,128.0
3604,147.0
3605,184.0
3606,224.0
3607,272.0
3608,315.0
3609,320.0
3610,301.0
3611,262.0
3612,221.0
3613,210.0
3614,180.0
3615,154.0
3616,143.0
3617,153.0
3618,184.0
3619,236.0
3620,280.0
3621,318.0
3622,319.0
3623,308.0
3624,277.0
3625,232.0
3626,210.0
3627,187.0
3628,167.0
3629,155.0
3630,170.0
3631,198.0
3632,239.0
3633,285.0
3634,331.0
3635,342.0
3636,332.0
3637,296.0
3638,256.0
3639,236.0
3640,207.0
3641,182.0
3642,170.0
3643,178.0
3644,201.0
3645,254.0
3646,301.0
3647,340.0
3648,348.0
3649,331.0
3650,300.0
3651,258.0
3652,238.0
3653,210.0
3654,181.0
3655,177.0
3656,189.0
3657,207.0
3658,247.0
3659,288.0
3660,331.0
3661,346.0
3662,334.0
3663,308.0
3664,264.0
3665,242.0
3666,217.0
3667,192.0
3668,179.0
3669,186.0
3670,209.0
3671,254.0
3672,290.0
3673,332.0
3674,344.0
3675,332.0
3676,302.0
3677,257.0
3678,234.0
3679,215.0
3680,196.0
3681,176.0
3682,181.0
3683,205.0
3684,245.0
3685,286.0
3686,325.0
3687,350.0
3688,336.0
3689,304.0
3690,267.0
3691,240.0
3692,218.0
3693,194.0
3694,180.0
3695,180.0
3696,199.0
3697,244.0
3698,281.0
3699,326.0
3700,341.0
3701,332.0
3702,314.0
3703,274.0
3704,249.0
3705,231.0
3706,196.0
3707,183.0
3708,177.0
3709,200.0
3710,243.0
3711,294.0
3712,338.0
3713,352.0
3714,350.0
3715,319.0
3716,272.0
3717,249.0
3718,235.0
3719,206.0
3720,183.0
3721,181.0
3722,198.0
3723,235.0
3724,283.0
3725,328.0
3726,354.0
3727,344.0
3728,317.0
3729,264.0
3730,242.0
3731,231.0
3732,202.0
3733,185.0
3734,175.0
3735,188.0
3736,234.0
3737,283.0
3738,324.0
3739,346.0
3740,343.0
3741,317.0
3742,271.0
3743,237.0
3744,224.0
3745,190.0
3746,178.0
3747,176.0
3748,198.0
3749,233.0
3750,276.0
3751,317.0
3752,344.0
3753,342.0
3754,315.0
3755,272.0
3756,249.0
3757,238.0
3758,204.0
3759,187.0
3760,179.0
3761,197.0
3762,239.0
3763,278.0
3764,320.0
3765,347.0
3766,344.0
3767,329.0
3768,293.0
3769,253.0
3770,237.0
3771,211.0
3772,188.0
3773,181.0
3774,198.0
3775,232.0
3776,275.0
3777,314.0
3778,347.0
3779,353.0
3780,324.0
3781,283.0
3782,251.0
3783,245.0
3784,218.0
3785,200.0
3786,196.0
3787,203.0
3788,226.0
3789,266.0
3790,304.0
3791,326.0
3792,332.0
3793,312.0
3794,276.0
3795,245.0
3796,240.0
3797,216.0
3798,193.0
3799,187.0
3800,194.0
3801,230.0
3802,283.0
3803,318.0
3804,350.0
3805,356.0
3806,329.0
3807,284.0
3808,241.0
3809,230.0
3810,204.0
3811,185.0
3812,166.0
3813,182.0
3814,223.0
3815,268.0
3816,304.0
3817,335.0
3818,344.0
3819,331.0
3820,292.0
3821,258.0
3822,244.0
3823,215.0
3824,197.0
3825,185.0
3826,189.0
3827,220.0
3828,261.0
3829,309.0
3830,349.0
3831,358.0
3832,333.0
3833,299.0
3834,264.0
3835,247.0
3836,208.0
3837,184.0
3838,179.0
3839,187.0
3840,220.0
3841,260.0
3842,301.0
3843,339.0
3844,339.0
3845,327.0
3846,290.0
3847,251.0
3848,239.0
3849,217.0
3850,193.0
3851,175.0
3852,184.0
3853,207.0
3854,253.0
3855,298.0
3856,338.0
3857,342.0
3858,322.0
3859,295.0
3860,261.0
3861,238.0
3862,205.0
3863,190.0
3864,175.0
3865,171.0
3866,198.0
3867,247.0
3868,288.0
3869,324.0
3870,328.0
3871,313.0
3872,282.0
3873,250.0
3874,243.0
3875,215.0
3876,193.0
3877,181.0
3878,191.0
3879,210.0
3880,252.0
3881,291.0
3882,336.0
3883,347.0
3884,330.0
3885,299.0
3886,264.0
3887,248.0
3888,225.0
3889,200.0
3890,191.0
3891,197.0
3892,219.0
3893,256.0
3894,293.0
3895,334.0
3896,360.0
3897,344.0
3898,311.0
3899,270.0
3900,248.0
3901,232.0
3902,206.0
3903,194.0
3904,198.0
3905,213.0
3906,257.0
3907,294.0
3908,332.0
3909,349.0
3910,343.0
3911,320.0
3912,269.0
3913,252.0
3914,229.0
3915,199.0
3916,184.0
3917,189.0
3918,207.0
3919,250.0
3920,295.0
3921,335.0
3922,349.0
3923,340.0
3924,311.0
3925,271.0
3926,245.0
3927,219.0
3928,200.0
3929,183.0
3930,180.0
3931,204.0
3932,246.0
3933,277.0
3934,310.0
3935,331.0
3936,326.0
3937,297.0
3938,257.0
3939,230.0
3940,212.0
3941,187.0
3942,171.0
3943,171.0
3944,182.0
3945,225.0
3946,270.0
3947,327.0
3948,356.0
3949,354.0
3950,338.0
3951,303.0
3952,284.0
3953,263.0
3954,238.0
3955,229.0
3956,225.0
3957,252.0
3958,299.0
3959,336.0
3960,383.0
3961,399.0
3962,383.0
3963,354.0
3964,309.0
3965,287.0
3966,269.0
3967,240.0
3968,220.0
3969,214.0
3970,228.0
3971,261.0
3972,299.0
3973,342.0
3974,369.0
3975,355.0
3976,334.0
3977,291.0
3978,257.0
3979,234.0
3980,204.0
3981,181.0
3982,176.0
3983,195.0
3984,246.0
3985,295.0
3986,339.0
3987,353.0
3988,341.0
3989,318.0
3990,279.0
3991,252.0
3992,232.0
3993,198.0
3994,188.0
3995,181.0
3996,197.0
3997,231.0
3998,273.0
3999,317.0
4000,342.0
4001,344.0
4002,322.0
4003,284.0
4004,253.0
4005,243.0
4006,201.0
4007,186.0
4008,191.0
4009,203.0
4010,237.0
4011,274.0
4012,311.0
4013,334.0
4014,326.0
4015,310.0
4016,277.0
4017,248.0
4018,233.0
4019,205.0
4020,187.0
4021,180.0
4022,192.0
4023,230.0
4024,268.0
4025,305.0
4026,335.0
4027,338.0
4028,320.0
4029,287.0
4030,250.0
4031,236.0
4032,193.0
4033,180.0
4034,173.0
4035,179.0
4036,221.0
4037,266.0
4038,298.0
4039,336.0
4040,350.0
4041,330.0
4042,288.0
4043,248.0
4044,231.0
4045,201.0
4046,180.0
4047,163.0
4048,176.0
4049,216.0
4050,256.0
4051,303.0
4052,337.0
4053,336.0
4054,311.0
4055,277.0
4056,243.0
4057,227.0
4058,197.0
4059,172.0
4060,164.0
4061,175.0
4062,210.0
4063,257.0
4064,297.0
4065,332.0
4066,335.0
4067,314.0
4068,277.0
4069,226.0
4070,219.0
4071,191.0
4072,176.0
4073,167.0
4074,175.0
4075,207.0
4076,242.0
4077,278.0
4078,303.0
4079,313.0
4080,296.0
4081,262.0
4082,216.0
4083,211.0
4084,182.0
4085,156.0
4086,149.0
4087,159.0
4088,184.0
4089,224.0
4090,264.0
4091,299.0
4092,313.0
4093,297.0
4094,260.0
4095,221.0
4096,214.0
4097,189.0
4098,167.0
4099,157.0
4100,157.0
4101,190.0
4102,238.0
4103,277.0
4104,308.0
4105,313.0
4106,303.0
4107,273.0
4108,228.0
4109,208.0
4110,183.0
4111,163.0
4112,151.0
4113,158.0
4114,187.0
4115,237.0
4116,278.0
4117,320.0
4118,324.0
4119,308.0
4120,278.0
4121,241.0
4122,227.0
4123,206.0
4124,192.0
4125,176.0
4126,176.0
4127,197.0
4128,239.0
4129,284.0
4130,329.0
4131,347.0
4132,337.0
4133,307.0
4134,264.0
4135,249.0
4136,226.0
4137,203.0
4138,180.0
4139,183.0
4140,207.0
4141,249.0
4142,291.0
4143,327.0
4144,344.0
4145,333.0
4146,302.0
4147,265.0
4148,250.0
4149,226.0
4150,208.0
4151,187.0
4152,188.0
4153,205.0
4154,257.0
4155,296.0
4156,333.0
4157,348.0
4158,333.0
4159,303.0
4160,256.0
4161,244.0
4162,225.0
4163,203.0
4164,191.0
4165,190.0
4166,208.0
4167,252.0
4168,284.0
4169,330.0
4170,355.0
4171,341.0
4172,324.0
4173,281.0
4174,257.0
4175,230.0
4176,198.0
4177,177.0
4178,180.0
4179,203.0
4180,254.0
4181,298.0
4182,329.0
4183,344.0
4184,341.0
4185,319.0
4186,278.0
4187,257.0
4188,234.0
4189,201.0
4190,187.0
4191,192.0
4192,210.0
4193,249.0
4194,291.0
4195,332.0
4196,357.0
4197,351.0
4198,325.0
4199,283.0
4200,253.0
4201,241.0
4202,212.0
4203,193.0
4204,189.0
4205,209.0
4206,247.0
4207,290.0
4208,331.0
4209,353.0
4210,350.0
4211,329.0
4212,288.0
4213,260.0
4214,241.0
4215,211.0
4216,191.0
4217,186.0
4218,207.0
4219,249.0
4220,290.0
4221,330.0
4222,353.0
4223,343.0
4224,315.0
4225,284.0
4226,260.0
4227,236.0
4228,202.0
4229,193.0
4230,181.0
4231,194.0
4232,234.0
4233,278.0
4234,317.0
4235,346.0
4236,341.0
4237,321.0
4238,281.0
4239,259.0
4240,246.0
4241,217.0
4242,199.0
4243,182.0
4244,197.0
4245,238.0
4246,278.0
4247,326.0
4248,360.0
4249,349.0
4250,330.0
4251,292.0
4252,257.0
4253,241.0
4254,218.0
4255,196.0
4256,193.0
4257,202.0
4258,232.0
4259,278.0
4260,318.0
4261,343.0
4262,338.0
4263,323.0
4264,282.0
4265,254.0
4266,241.0
4267,207.0
4268,194.0
4269,189.0
4270,211.0
4271,246.0
4272,284.0
4273,323.0
4274,350.0
4275,354.0
4276,338.0
4277,299.0
4278,267.0
4279,256.0
4280,224.0
4281,199.0
4282,190.0
4283,200.0
4284,224.0
4285,265.0
4286,307.0
4287,343.0
4288,341.0
4289,317.0
4290,285.0
4291,253.0
4292,232.0
4293,207.0
4294,202.0
4295,196.0
4296,204.0
4297,226.0
4298,267.0
4299,304.0
4300,333.0
4301,335.0
4302,319.0
4303,290.0
4304,261.0
4305,249.0
4306,225.0
4307,205.0
4308,193.0
4309,189.0
4310,216.0
4311,259.0
4312,305.0
4313,336.0
4314,346.0
4315,334.0
4316,299.0
4317,258.0
4318,241.0
4319,217.0
4320,198.0
4321,187.0
4322,198.0
4323,226.0
4324,264.0
4325,304.0
4326,337.0
4327,348.0
4328,332.0
4329,303.0
4330,264.0
4331,245.0
4332,216.0
4333,187.0
4334,171.0
4335,182.0
4336,208.0
4337,255.0
4338,293.0
4339,336.0
4340,348.0
4341,330.0
4342,298.0
4343,257.0
4344,245.0
4345,218.0
4346,201.0
4347,193.0
4348,198.0
4349,211.0
4350,253.0
4351,298.0
4352,336.0
4353,344.0
4354,337.0
4355,299.0
4356,258.0
4357,241.0
4358,223.0
4359,196.0
4360,180.0
4361,187.0
4362,214.0
4363,263.0
4364,308.0
4365,351.0
4366,366.0
4367,346.0
4368,308.0
4369,266.0
4370,243.0
4371,216.0
4372,194.0
4373,185.0
4374,188.0
4375,210.0
4376,255.0
4377,300.0
4378,347.0
4379,362.0
4380,349.0
4381,319.0
4382,278.0
4383,260.0
4384,241.0
4385,213.0
4386,193.0
4387,202.0
4388,217.0
4389,255.0
4390,288.0
4391,335.0
4392,358.0
4393,341.0
4394,310.0
4395,269.0
4396,251.0
4397,234.0
4398,207.0
4399,196.0
4400,190.0
4401,207.0
4402,250.0
4403,292.0
4404,348.0
4405,364.0
4406,350.0
4407,316.0
4408,268.0
4409,239.0
4410,212.0
4411,191.0
4412,178.0
4413,177.0
4414,194.0
4415,233.0
4416,279.0
4417,332.0
4418,351.0
4419,346.0
4420,326.0
4421,289.0
4422,277.0
4423,271.0
4424,240.0
4425,218.0
4426,216.0
4427,236.0
4428,285.0
4429,329.0
4430,374.0
4431,403.0
4432,398.0
4433,369.0
4434,324.0
4435,299.0
4436,275.0
4437,247.0
4438,224.0
4439,221.0
4440,239.0
4441,272.0
4442,316.0
4443,354.0
4444,373.0
4445,362.0
4446,330.0
4447,291.0
4448,269.0
4449,251.0
4450,227.0
4451,198.0
4452,190.0
4453,213.0
4454,259.0
4455,298.0
4456,341.0
4457,358.0
4458,348.0
4459,319.0
4460,286.0
4461,259.0
4462,245.0
4463,212.0
4464,198.0
4465,191.0
4466,205.0
4467,244.0
4468,291.0
4469,333.0
4470,348.0
4471,347.0
4472,329.0
4473,288.0
4474,259.0
4475,242.0
4476,217.0
4477,203.0
4478,192.0
4479,198.0
4480,236.0
4481,279.0
4482,326.0
4483,351.0
4484,345.0
4485,330.0
4486,290.0
4487,260.0
4488,238.0
4489,209.0
4490,192.0
4491,187.0
4492,202.0
4493,238.0
4494,270.0
4495,312.0
4496,341.0
4497,341.0
4498,320.0
4499,285.0
4500,260.0
4501,248.0
4502,219.0
4503,196.0
4504,186.0
4505,197.0
4506,232.0
4507,271.0
4508,316.0
4509,349.0
4510,354.0
4511,329.0
4512,284.0
4513,256.0
4514,243.0
4515,223.0
4516,194.0
4517,181.0
4518,194.0
4519,220.0
4520,264.0
4521,306.0
4522,337.0
4523,341.0
4524,325.0
4525,288.0
4526,249.0
4527,243.0
4528,211.0
4529,187.0
4530,172.0
4531,181.0
4532,209.0
4533,251.0
4534,295.0
4535,331.0
4536,330.0
4537,318.0
4538,291.0
4539,258.0
4540,239.0
4541,205.0
4542,185.0
4543,175.0
4544,180.0
4545,208.0
4546,252.0
4547,284.0
4548,317.0
4549,323.0
4550,306.0
4551,273.0
4552,236.0
4553,224.0
4554,191.0
4555,170.0
4556,155.0
4557,162.0
4558,194.0
4559,239.0
4560,283.0
4561,316.0
4562,322.0
4563,311.0
4564,281.0
4565,241.0
4566,221.0
4567,190.0
4568,173.0
4569,161.0
4570,167.0
4571,193.0
4572,239.0
4573,279.0
4574,318.0
4575,325.0
4576,315.0
4577,276.0
4578,237.0
4579,220.0
4580,192.0
4581,175.0
4582,161.0
4583,163.0
4584,186.0
4585,232.0
4586,282.0
4587,328.0
4588,341.0
4589,318.0
4590,277.0
4591,240.0
4592,229.0
4593,211.0
4594,188.0
4595,175.0
4596,181.0
4597,198.0
4598,250.0
4599,297.0
4600,335.0
4601,354.0
4602,339.0
4603,309.0
4604,261.0
4605,250.0
4606,223.0
4607,192.0
4608,178.0
4609,187.0
4610,209.0
4611,258.0
4612,297.0
4613,340.0
4614,355.0
4615,344.0
4616,317.0
4617,279.0
4618,264.0
4619,241.0
4620,223.0
4621,207.0
4622,197.0
4623,213.0
4624,264.0
4625,307.0
4626,335.0
4627,341.0
4628,332.0
4629,305.0
4630,264.0
4631,248.0
4632,228.0
4633,204.0
4634,189.0
4635,192.0
4636,208.0
4637,249.0
4638,291.0
4639,332.0
4640,354.0
4641,343.0
4642,315.0
4643,281.0
4644,257.0
4645,237.0
4646,211.0
4647,196.0
4648,197.0
4649,214.0
4650,256.0
4651,294.0
4652,341.0
4653,364.0
4654,353.0
4655,326.0
4656,283.0
4657,249.0
4658,232.0
4659,205.0
4660,192.0
4661,197.0
4662,215.0
4663,259.0
4664,303.0
4665,346.0
4666,357.0
4667,349.0
4668,329.0
4669,287.0
4670,264.0
4671,243.0
4672,209.0
4673,192.0
4674,196.0
4675,207.0
4676,238.0
4677,282.0
4678,331.0
4679,358.0
4680,354.0
4681,327.0
4682,281.0
4683,249.0
4684,227.0
4685,203.0
4686,186.0
4687,185.0
4688,205.0
4689,251.0
4690,294.0
4691,339.0
4692,362.0
4693,346.0
4694,325.0
4695,288.0
4696,268.0
4697,254.0
4698,216.0
4699,194.0
4700,195.0
4701,212.0
4702,253.0
4703,291.0
4704,343.0
4705,362.0
4706,352.0
4707,326.0
4708,280.0
4709,252.0
4710,235.0
4711,204.0
4712,187.0
4713,183.0
4714,200.0
4715,236.0
4716,284.0
4717,328.0
4718,350.0
4719,351.0
4720,329.0
4721,292.0
4722,265.0
4723,254.0
4724,225.0
4725,202.0
4726,190.0
4727,201.0
4728,240.0
4729,283.0
4730,318.0
4731,350.0
4732,351.0
4733,333.0
4734,294.0
4735,259.0
4736,251.0
4737,229.0
4738,210.0
4739,195.0
4740,199.0
4741,230.0
4742,280.0
4743,321.0
4744,341.0
4745,341.0
4746,326.0
4747,291.0
4748,258.0
4749,247.0
4750,214.0
4751,197.0
4752,195.0
4753,215.0
4754,246.0
4755,278.0
4756,317.0
4757,349.0
4758,350.0
4759,330.0
4760,287.0
4761,251.0
4762,243.0
4763,220.0
4764,190.0
4765,181.0
4766,189.0
4767,229.0
4768,277.0
4769,314.0
4770,340.0
4771,347.0
4772,335.0
4773,294.0
4774,255.0
4775,243.0
4776,221.0
4777,200.0
4778,186.0
4779,196.0
4780,224.0
4781,269.0
4782,312.0
4783,345.0
4784,351.0
4785,334.0
4786,302.0
4787,260.0
4788,243.0
4789,211.0
4790,190.0
4791,176.0
4792,185.0
4793,216.0
4794,267.0
4795,306.0
4796,339.0
4797,343.0
4798,330.0
4799,299.0
4800,263.0
4801,256.0
4802,228.0
4803,191.0
4804,177.0
4805,184.0
4806,216.0
4807,261.0
4808,298.0
4809,324.0
4810,337.0
4811,320.0
4812,287.0
4813,250.0
4814,236.0
4815,215.0
4816,198.0
4817,187.0
4818,195.0
4819,217.0
4820,267.0
4821,311.0
4822,345.0
4823,360.0
4824,342.0
4825,309.0
4826,272.0
4827,254.0
4828,228.0
4829,210.0
4830,193.0
4831,200.0
4832,228.0
4833,272.0
4834,306.0
4835,352.0
4836,367.0
4837,350.0
4838,308.0
4839,268.0
4840,255.0
4841,228.0
4842,210.0
4843,197.0
4844,200.0
4845,218.0
4846,265.0
4847,308.0
4848,342.0
4849,352.0
4850,330.0
4851,307.0
4852,270.0
4853,254.0
4854,236.0
4855,218.0
4856,199.0
4857,204.0
4858,216.0
4859,255.0
4860,287.0
4861,327.0
4862,342.0
4863,331.0
4864,307.0
4865,274.0
4866,259.0
4867,236.0
4868,205.0
4869,186.0
4870,181.0
4871,204.0
4872,249.0
4873,278.0
4874,313.0
4875,332.0
4876,324.0
4877,302.0
4878,263.0
4879,242.0
4880,221.0
4881,202.0
4882,193.0
4883,198.0
4884,223.0
4885,283.0
4886,332.0
4887,376.0
4888,392.0
4889,381.0
4890,361.0
4891,327.0
4892,302.0
4893,282.0
4894,255.0
4895,240.0
4896,243.0
4897,252.0
4898,288.0
4899,331.0
4900,369.0
4901,380.0
4902,368.0
4903,337.0
4904,297.0
4905,277.0
4906,259.0
4907,238.0
4908,220.0
4909,204.0
4910,222.0
4911,259.0
4912,297.0
4913,334.0
4914,353.0
4915,346.0
4916,323.0
4917,288.0
4918,265.0
4919,250.0
4920,217.0
4921,192.0
4922,180.0
4923,202.0
4924,242.0
4925,276.0
4926,322.0
4927,349.0
4928,342.0
4929,321.0
4930,278.0
4931,250.0
4932,237.0
4933,219.0
4934,203.0
4935,211.0
4936,224.0
4937,253.0
4938,289.0
4939,326.0
4940,353.0
4941,342.0
4942,325.0
4943,289.0
4944,264.0
4945,239.0
4946,214.0
4947,194.0
4948,180.0
4949,198.0
4950,239.0
4951,282.0
4952,325.0
4953,349.0
4954,340.0
4955,318.0
4956,276.0
4957,245.0
4958,235.0
4959,207.0
4960,188.0
4961,182.0
4962,196.0
4963,235.0
4964,277.0
4965,312.0
4966,344.0
4967,342.0
4968,315.0
4969,284.0
4970,255.0
4971,237.0
4972,211.0
4973,204.0
4974,189.0
4975,199.0
4976,231.0
4977,272.0
4978,314.0
4979,339.0
4980,339.0
4981,320.0
4982,274.0
4983,240.0
4984,229.0
4985,204.0
4986,179.0
4987,172.0
4988,185.0
4989,218.0
4990,259.0
4991,301.0
4992,338.0
4993,339.0
4994,323.0
4995,288.0
4996,245.0
4997,232.0
4998,210.0
4999,188.0
